[Weights_ih]
Count=48
Weight0=-0.22034176485613
Weight1=0.990230886731297
Weight2=-0.640234081074595
Weight3=-0.909379309625365
Weight4=0.562876249896362
Weight5=-0.791809537447989
Weight6=0.935150681994855
Weight7=-0.22910421108827
Weight8=-0.842082908842713
Weight9=0.253545091021806
Weight10=0.79897493077442
Weight11=-0.421535857953131
Weight12=0.632654036511667
Weight13=0.502738993614912
Weight14=-0.691665009595454
Weight15=0.0553171645151451
Weight16=0.353109330870211
Weight17=-0.937579537974671
Weight18=0.908554834313691
Weight19=0.372134908102453
Weight20=-0.541780166793615
Weight21=0.1587304843124
Weight22=0.945858767256141
Weight23=-0.314522331696935
Weight24=-0.662877132650465
Weight25=-0.3641093284823
Weight26=-0.861562906880863
Weight27=0.610445028869435
Weight28=0.273044755216688
Weight29=0.677958914893679
Weight30=0.246583190863021
Weight31=0.161202674731612
Weight32=-0.570396124385297
Weight33=0.882284032180905
Weight34=0.693776356987655
Weight35=-0.717745197936893
Weight36=0.00182895152829587
Weight37=-0.89181325212121
Weight38=0.671806193771772
Weight39=-0.439066705759615
Weight40=-0.945988705614582
Weight41=0.782860161853023
Weight42=-0.911637660581619
Weight43=0.57549000880681
Weight44=-0.688066475559026
Weight45=0.325372396502644
Weight46=-0.764558620750904
Weight47=-0.462815739796497
[Weights_ho]
Count=16
Weight0=-0.994253331329673
Weight1=0.762198837241158
Weight2=-0.721882788464427
Weight3=0.773409673012793
Weight4=-0.254273674334399
Weight5=0.843951500370167
Weight6=-0.788570687873289
Weight7=0.505988150369376
Weight8=-0.998798137065023
Weight9=0.475352877285331
Weight10=0.803584387060255
Weight11=0.420671519357711
Weight12=0.530076096765697
Weight13=0.429031820502132
Weight14=-0.613758084829897
Weight15=0.0506170424632728
[Bias_h]
Count=4
Weight0=-0.115904522128403
Weight1=-0.419573367573321
Weight2=0.0773158136289567
Weight3=-0.469821167178452
[Bias_o]
Count=4
Weight0=0.393973691854626
Weight1=-0.764505846891552
Weight2=-0.785022016614676
Weight3=-0.429207467474043
[Track]
Seed=18732792
