[Settings]
Attractor Name=Bedhead
Palette=colourlovers you owe me a shirt.MAP
Brightness=100
Contrast=0
A=-0.67
B=0.83
[Coordinates]
Xmin=-1.60290798611111
Xmax=2.72868923611111
Ymin=0.283766589506173
Ymax=2.80734606481481
