[Settings]
Attractor Name=Bedhead
Palette=kuler drholwegneu.MAP
Brightness=100
Contrast=0
A=-0.64
B=0.76
[Coordinates]
Xmin=-7.29166666666667
Xmax=6.81944444444444
Ymin=-5.00694444444444
Ymax=3.17583333333333
