[Settings]
Attractor Name=Bedhead
Palette=colourlovers simultaneous copper.MAP
Brightness=100
Contrast=0
A=-0.81
B=-0.92
[Coordinates]
Xmin=-3.15277777777778
Xmax=2.95833333333333
Ymin=-1.65944444444444
Ymax=1.88833333333333
