[Settings]
Attractor Name=Bedhead
Palette=colourlovers sugar.MAP
Brightness=100
Contrast=0
A=0.06
B=0.98
[Coordinates]
Xmin=-7.47222222222222
Xmax=6.38888888888889
Ymin=-4.86388888888889
Ymax=3.17583333333333
