[Settings]
Frag=auto_1615528913.frag
Floats=1
Bred=1
[Floats]
Float0=0.0350000001490116
Float1=0.156000003218651
Float2=-0.192840874195099
Float3=-0.146773546934128
Float4=0.594659984111786
Float5=-0.0590000003576279
Float6=0.152999997138977
Float7=0.254000008106232
Float8=0.0500000007450581
Float9=-0.94955849647522
Float10=-0.0273091066628695
Float11=-0.581260025501251
Float12=0.680000007152557
Float13=-0.096000000834465
Float14=0.726999998092651
Float15=-0.433830052614212
Float16=-0.0900000035762787
Float17=0.453000009059906
Float18=-0.273000001907349
Float19=-0.671954393386841
Float20=0.903999984264374
Float21=0.95915824174881
Float22=-0.637748062610626
Float23=-0.361698687076569
Float24=0.103000000119209
Float25=0.410659223794937
Float26=0.444000005722046
Float27=0.324240863323212
Float28=-0.0520000010728836
Float29=-0.0750000029802322
Float30=0.0939999967813492
Float31=0.556013941764832
Float32=0.282000005245209
Float33=0.135658547282219
Float34=-0.518999993801117
Float35=0.517000019550323
Float36=0.497000008821487
Float37=0.399804532527924
Float38=0.41061669588089
Float39=0.885004699230194
Float40=0.0820000022649765
Float41=-0.605306506156921
Float42=0.71426659822464
Float43=-0.247861489653587
Float44=0.87737774848938
Float45=0.514999985694885
Float46=-0.0979999974370003
Float47=-0.791000008583069
Float48=0.441000014543533
Float49=-0.567227005958557
Float50=0.529523611068726
Float51=0.848120808601379
