[Settings]
Frag=auto_1615528913.frag
Floats=1
Bred=1
[Floats]
Float0=0.263000011444092
Float1=0.138165295124054
Float2=-0.242186531424522
Float3=0.835777044296265
Float4=0.158999994397163
Float5=0.465151727199554
Float6=0.108000002801418
Float7=-0.935017704963684
Float8=0.129999995231628
Float9=0.405000001192093
Float10=-0.158000290393829
Float11=-0.0900000035762787
Float12=0.328000009059906
Float13=-0.844707667827606
Float14=0.50900000333786
Float15=-0.725063860416412
Float16=0.128000006079674
Float17=0.589869976043701
Float18=-0.189999997615814
Float19=0.293000012636185
Float20=-0.936313509941101
Float21=-0.469616055488586
Float22=0.104000002145767
Float23=-0.571830272674561
Float24=0.101000003516674
Float25=-0.532000005245209
Float26=0.239999994635582
Float27=0.465000003576279
Float28=0.13830828666687
Float29=0.333000004291534
Float30=0.492036312818527
Float31=0.218928337097168
Float32=0.436988413333893
Float33=0.19200000166893
Float34=-0.215777888894081
Float35=0.361000001430511
Float36=0.381000161170959
Float37=0.274878591299057
Float38=0.405000001192093
Float39=0.313634306192398
Float40=0.030506681650877
Float41=-0.820734143257141
Float42=0.411830574274063
Float43=-0.938305914402008
Float44=0.104247234761715
Float45=-0.165000006556511
Float46=-0.945314884185791
Float47=-0.554000020027161
Float48=0.560425877571106
Float49=-0.273000001907349
Float50=0.481000006198883
Float51=-0.936877071857452
