[Settings]
Frag=auto_1615528913.frag
Floats=1
Bred=1
[Floats]
Float0=-0.42917662858963
Float1=0.428000003099442
Float2=0.618050754070282
Float3=0.0531588830053806
Float4=0.458000004291534
Float5=-0.559310734272003
Float6=0.381000012159348
Float7=0.25
Float8=0.129999995231628
Float9=-0.30571037530899
Float10=0.340000003576279
Float11=-0.0900000035762787
Float12=-0.526142060756683
Float13=-0.168366596102715
Float14=-0.239999994635582
Float15=0.59799998998642
Float16=0.128000006079674
Float17=0.31700000166893
Float18=-0.0968744456768036
Float19=0.812400937080383
Float20=0.427881121635437
Float21=0.0350000001490116
Float22=0.104000002145767
Float23=0.370000004768372
Float24=0.101000003516674
Float25=-0.532000005245209
Float26=0.239999994635582
Float27=0.0120000001043081
Float28=0.591000020503998
Float29=0.383751660585403
Float30=-0.679444193840027
Float31=0.256000012159348
Float32=0.159999996423721
Float33=0.19200000166893
Float34=-0.363000005483627
Float35=-0.674071669578552
Float36=-0.0957386717200279
Float37=-0.461290717124939
Float38=0.405000001192093
Float39=0.0209999997168779
Float40=0.0570000000298023
Float41=0.472000002861023
Float42=0.290303200483322
Float43=-0.411753267049789
Float44=0.421652138233185
Float45=0.279559254646301
Float46=-0.644872844219208
Float47=-0.554000020027161
Float48=0.483657270669937
Float49=0.232507094740868
Float50=0.483000010251999
Float51=0.453000009059906
