[Settings]
Frag=auto_1615509764.frag
Floats=1
Bred=1
[Floats]
Float0=0.787000000476837
Float1=0.8299999833107
Float2=0.316000014543533
Float3=0.462000012397766
Float4=0.96399998664856
Float5=0.736000001430511
Float6=-0.504000008106232
Float7=0.708999991416931
Float8=-0.254000008106232
Float9=0.794000029563904
Float10=0.194999992847443
Float11=0.158999994397163
Float12=0.097000002861023
Float13=1.04200005531311
Float14=0.216000005602837
Float15=-0.526000022888184
Float16=0.674000024795532
Float17=-0.486000001430511
Float18=0.00600000005215406
Float19=0.0500000007450581
Float20=0.209999993443489
Float21=0.236000001430511
Float22=-0.184000000357628
Float23=0.349000006914139
Float24=0.24099999666214
Float25=-0.0480000004172325
Float26=0.187999993562698
Float27=-0.186000004410744
Float28=0.00100000004749745
Float29=0.199000000953674
Float30=-0.25
Float31=-0.0979999974370003
Float32=0.256000012159348
Float33=0.150999993085861
Float34=0.34400001168251
Float35=0.0610000006854534
Float36=0.270000010728836
Float37=0.337000012397766
Float38=0.814000010490418
Float39=-0.00800000037997961
Float40=-0.199000000953674
Float41=0.00600000005215406
Float42=-0.156000003218651
Float43=0.483000010251999
Float44=0.244000002741814
Float45=0.0640000030398369
Float46=-0.129999995231628
Float47=1.12100005149841
Float48=-0.142000004649162
Float49=0.125
Float50=-0.0270000007003546
Float51=-0.187000006437302
