[Settings]
Frag=auto_1615509764.frag
Floats=1
Bred=1
[Floats]
Float0=0.0020000000949949
Float1=0.222000002861023
Float2=0.272000014781952
Float3=-0.0890000015497208
Float4=0.287000000476837
Float5=0.596000015735626
Float6=-0.289000004529953
Float7=0.00499999988824129
Float8=-0.165999993681908
Float9=0.123000003397465
Float10=0.625999987125397
Float11=0.0839999988675117
Float12=-0.096000000834465
Float13=-0.0219999998807907
Float14=0.180000007152557
Float15=0.206000000238419
Float16=0.0309999994933605
Float17=0.0649999976158142
Float18=0.0299999993294477
Float19=0.172000005841255
Float20=-0.0240000002086163
Float21=-0.028999999165535
Float22=0.293999999761581
Float23=0.209000006318092
Float24=-0.0939999967813492
Float25=0.474000006914139
Float26=0
Float27=-0.216000005602837
Float28=-0.0939999967813492
Float29=-0.324000000953674
Float30=0.135000005364418
Float31=-0.0780000016093254
Float32=0.24600000679493
Float33=0.294999986886978
Float34=0.386000007390976
Float35=0.199000000953674
Float36=0.680000007152557
Float37=0.448000013828278
Float38=-0.194999992847443
Float39=0.379000008106232
Float40=-0.114000000059605
Float41=0.0610000006854534
Float42=-0.331000000238419
Float43=-0.209000006318092
Float44=0.372000008821487
Float45=0.256999999284744
Float46=0
Float47=0.499000012874603
Float48=0.149000003933907
Float49=-0.158999994397163
Float50=-0.12899999320507
Float51=0.0160000007599592
