[Settings]
Frag=auto_1615509764.frag
Floats=1
Bred=1
[Floats]
Float0=0.158000007271767
Float1=0.730000019073486
Float2=0.596000015735626
Float3=0.51800000667572
Float4=0.681999981403351
Float5=0.137999996542931
Float6=0.698000013828278
Float7=0.519999980926514
Float8=0.391000002622604
Float9=0.141000002622604
Float10=0.275000005960464
Float11=0.224000006914139
Float12=0.136000007390976
Float13=0.446000009775162
Float14=0.305000007152557
Float15=0.0410000011324882
Float16=-0.363000005483627
Float17=-0.175999999046326
Float18=-0.372000008821487
Float19=0.634999990463257
Float20=0.296000003814697
Float21=0.330000013113022
Float22=-0.0439999997615814
Float23=0.479999989271164
Float24=0.508000016212463
Float25=0.597000002861023
Float26=0.263999998569489
Float27=0.65200001001358
Float28=0.47299998998642
Float29=0.27700001001358
Float30=0.64300000667572
Float31=-0.168999999761581
Float32=0.777999997138977
Float33=0.211999997496605
Float34=0.748000025749207
Float35=0.034000001847744
Float36=0.32600000500679
Float37=0.156000003218651
Float38=0.293999999761581
Float39=0.256000012159348
Float40=0.209000006318092
Float41=0.800000011920929
Float42=-0.216999992728233
Float43=-0.115000002086163
Float44=0.342000007629395
Float45=0.375999987125397
Float46=0.238999992609024
Float47=0.101000003516674
Float48=0.598999977111816
Float49=0.266999989748001
Float50=-0.0179999992251396
Float51=-0.226999998092651
