[Settings]
Frag=auto_1615528913.frag
Floats=1
Bred=1
[Floats]
Float0=0.0900000035762787
Float1=0.136000007390976
Float2=-0.179539695382118
Float3=0.578999996185303
Float4=-0.543043911457062
Float5=0.421832472085953
Float6=0.097000002861023
Float7=-0.115569345653057
Float8=0.0719999969005585
Float9=-0.0224081389605999
Float10=-0.566736578941345
Float11=-0.114000000059605
Float12=1.11800003051758
Float13=0.938212692737579
Float14=1.19500005245209
Float15=0.273562699556351
Float16=-0.0780000016093254
Float17=-0.412795037031174
Float18=-0.197147905826569
Float19=0.046000000089407
Float20=0.791000008583069
Float21=0.181999996304512
Float22=0.344230502843857
Float23=0.462000012397766
Float24=0.238000005483627
Float25=-1.25100004673004
Float26=-0.13732373714447
Float27=-0.947645246982574
Float28=0.604824185371399
Float29=-0.0930000022053719
Float30=0.481000006198883
Float31=-0.565728843212128
Float32=0.24600000679493
Float33=1.10500001907349
Float34=-0.370000004768372
Float35=0.850000023841858
Float36=0.971875786781311
Float37=-0.2946437895298
Float38=-0.194000005722046
Float39=-0.8317009806633
Float40=0.207000002264977
Float41=-0.815768957138062
Float42=-0.323538303375244
Float43=0.243000000715256
Float44=1.83800005912781
Float45=0.63400000333786
Float46=-0.180045410990715
Float47=-0.120929710566998
Float48=0.368000000715256
Float49=0.629999995231628
Float50=0.305000007152557
Float51=-0.822721660137177
