[Settings]
Frag=auto_1615509764.frag
Floats=1
Bred=1
[Floats]
Float0=0.194999992847443
Float1=0.207000002264977
Float2=0.0790000036358833
Float3=-0.0890000015497208
Float4=0.222000002861023
Float5=0.184000000357628
Float6=0.11599999666214
Float7=0.252000004053116
Float8=-0.200000002980232
Float9=0.196999996900558
Float10=0.237000003457069
Float11=-0.0120000001043081
Float12=0.159999996423721
Float13=-0.0219999998807907
Float14=-0.128000006079674
Float15=0.340000003576279
Float16=0.0309999994933605
Float17=0.291000008583069
Float18=0.0299999993294477
Float19=0.172000005841255
Float20=-0.101000003516674
Float21=0.0189999993890524
Float22=0.293999999761581
Float23=-0.0140000004321337
Float24=0.0590000003576279
Float25=0.375999987125397
Float26=0.233999997377396
Float27=0.228000000119209
Float28=0.0370000004768372
Float29=-0.163000002503395
Float30=-0.175999999046326
Float31=-0.0780000016093254
Float32=0.0740000009536743
Float33=0.165000006556511
Float34=-0.153999999165535
Float35=0.199000000953674
Float36=0.0500000007450581
Float37=0.162000000476837
Float38=0.319999992847443
Float39=0.379000008106232
Float40=0.293000012636185
Float41=0.0610000006854534
Float42=0.13400000333786
Float43=0.245000004768372
Float44=0.0370000004768372
Float45=0.0160000007599592
Float46=0
Float47=0.284999996423721
Float48=0.149000003933907
Float49=0.238000005483627
Float50=-0.12899999320507
Float51=-0.0219999998807907
