[Settings]
Attractor Name=Cathala
Palette=Gray Scale 1.MAP
Brightness=100
Contrast=0
A=0.7
B=-0.82
[Coordinates]
Xmin=-2.45208333333333
Xmax=1.75868055555556
Ymin=-1.02427777777778
Ymax=1.44009259259259
