[Coords]
amin=-0.983385416666669
amax=-0.914479166666668
bmin=-1.77361111111111
bmax=-1.70395061728395
[Settings]
absequence=BBAAABABABBAAAAAABABABBABABBABABABABBABBBBABABBABABAAAAAAAAAAAAAAAA
xstart=0.1
init=100
nlyap=200
palette=JACCO232.MAP
