[Settings]
Attractor Type=1
A0=0.386894206050783
A1=-0.561357125639915
A2=0.561046927701682
A3=0.551520274020731
A4=-0.593183639924973
A5=0.621422732248902
A6=-0.15069210389629
A7=0.300623486749828
A8=0.997566385660321
A9=0.643495861440897
A10=0.931643548887223
A11=-0.857716317288578
A12=-0.28313124133274
A13=0.382042838260531
A14=-0.841737354639918
A15=-0.817814380861819
A16=-0.525951398070902
A17=0.3440126106143
A18=0.561357892584056
A19=-0.108804977498949
A20=-0.834516148082912
A21=-0.991462751757354
A22=-0.187853606417775
A23=-0.682873139623553
A24=0.67081247176975
A25=-0.0444728708826005
A26=-0.815302960574627
A27=0.833602778147906
A28=0.648841240443289
A29=-0.112167756538838
A30=0.727480726316571
A31=0.0140660046599805
A32=0.763680818490684
A33=0.127390629146248
A34=-0.304064217954874
A35=-0.0637432676739991
A36=0.726507601328194
A37=-0.722205318044871
A38=0.356982773169875
A39=0.699132499750704
A40=-0.319502851460129
A41=-0.427314502187073
A42=-0.529937663581222
A43=-0.568626809865236
A44=0.253307621460408
A45=0.670353484340012
A46=0.647247709799558
A47=0.14394267462194
A48=-0.311327206436545
A49=-0.579907977022231
A50=0.331146384123713
A51=-0.78628933429718
A52=-0.815412626136094
A53=-0.388232915662229
A54=-0.179077345412225
A55=-0.724039843305945
A56=0.619687245693058
A57=-0.89242107141763
A58=-0.519035489764065
A59=-0.951376628130674
Color Palette=kuler moonlight sonata.MAP
Background Color=$00323232
Shadows=1
A60=0
A61=0
A62=0
A63=0
A64=0
A65=0
A66=0
A67=0
A68=0
A69=0
A70=0
A71=0
A72=0
A73=0
A74=0
A75=0
A76=0
A77=0
A78=0
A79=0
A80=0
A81=0
A82=0
A83=0
A84=0
A85=0
A86=0
A87=0
A88=0
A89=0
A90=0
A91=0
A92=0
A93=0
A94=0
A95=0
A96=0
A97=0
A98=0
A99=0
A100=0
A101=0
A102=0
A103=0
A104=0
A105=0
Rotation=0
Xmin=-1.30378102895853
Xmax=1.898133908694
Ymin=-1.31580400068853
Ymax=0.540044259411084
Zmin=-0.820265112502857
Zmax=0.293405768871525
