[Settings]
Attractor Type=1
A0=0.0876477097407307
A1=-0.482556229620944
A2=-0.573704876237716
A3=0.582832174691748
A4=1.01760889811873
A5=0.101846258436115
A6=-0.893814413022567
A7=0.00636917144120675
A8=0.573960198623107
A9=-0.677847807550351
A10=0.794250337386405
A11=-0.618406055575107
A12=-0.468323299869212
A13=0.379008199074031
A14=0.699698339988337
A15=0.520022123005039
A16=0.273829485314831
A17=-0.397442533095608
A18=0.455980992704695
A19=0.404578236324681
A20=0.289588260452776
A21=-0.455965722952719
A22=0.395299867560083
A23=0.593922841682835
A24=-0.153358479363363
A25=-0.143372982040785
A26=-0.553199460291441
A27=-0.788527965658314
A28=-0.636059669205689
A29=0.27196962264466
A30=-0.946615544204092
A31=-0.11738483042856
A32=-0.0642734897103099
A33=-0.10408119496656
A34=-0.372989079905051
A35=-0.206428133882582
A36=-0.669420098420233
A37=-0.550459027290344
A38=-0.00654612528160214
A39=0.979845316149294
A40=0.490473476238549
A41=-0.347473151516169
A42=0.104478931054473
A43=0.289319959934801
A44=0.343501857481897
A45=-0.350244542118162
A46=-0.14706002175808
A47=-0.071736962068826
A48=0.963299677707255
A49=-0.400055054109544
A50=0.850386584177613
A51=-0.543882487807423
A52=0.442841122858226
A53=0.151724024210125
A54=-0.967658694833517
A55=0.429902139585465
A56=-0.00312685500830412
A57=-0.92624533129856
A58=0.643172217532992
A59=-0.9017368205823
Color Palette=kuler plumb purple.MAP
Background Color=$00323232
Shadows=1
A60=0
A61=0
A62=0
A63=0
A64=0
A65=0
A66=0
A67=0
A68=0
A69=0
A70=0
A71=0
A72=0
A73=0
A74=0
A75=0
A76=0
A77=0
A78=0
A79=0
A80=0
A81=0
A82=0
A83=0
A84=0
A85=0
A86=0
A87=0
A88=0
A89=0
A90=0
A91=0
A92=0
A93=0
A94=0
A95=0
A96=0
A97=0
A98=0
A99=0
A100=0
A101=0
A102=0
A103=0
A104=0
A105=0
Rotation=0
Xmin=-1.87583804495068
Xmax=2.35193964365651
Ymin=-1.45767172186192
Ymax=0.996571769259154
Zmin=-0.213686585814227
Zmax=0.913566331956199
