[Settings]
Attractor Type=1
A0=-0.687377596274018
A1=0.249392715748399
A2=-0.630069681443274
A3=-0.629938860889524
A4=0.234655991196632
A5=0.830997079145163
A6=0.584107563830912
A7=0.83252250822261
A8=0.121556485071778
A9=-0.525818704161793
A10=-0.820914437063038
A11=-0.783785419072956
A12=-0.414395745843649
A13=-0.669309314806014
A14=0.710431580431759
A15=-0.107661604415625
A16=0.188550187274814
A17=0.322023069020361
A18=-0.305036813952029
A19=-0.838179362472147
A20=-0.375816585030407
A21=0.0212684459984303
A22=0.436831730883569
A23=-0.11667952965945
A24=-0.0111530269496143
A25=0.942414728924632
A26=-0.205239424947649
A27=-0.113498584367335
A28=0.100971283856779
A29=0.655987866222858
A30=-0.658608325291425
A31=0.926896669901907
A32=0.450180847663432
A33=0.948546485975385
A34=-0.166434741113335
A35=-0.264000293798745
A36=0.781265264842659
A37=0.931974228471518
A38=-0.595314417500049
A39=0.982994732446969
A40=0.213643305934966
A41=0.100685034412891
A42=-0.325969843193889
A43=-0.470309993717819
A44=-0.274545175023377
A45=-0.726008096244186
A46=-0.35697190836072
A47=0.0175433563999832
A48=0.871451211161911
A49=-0.0116790155880153
A50=-0.489720264449716
A51=0.253022206481546
A52=-0.259131752885878
A53=-0.18437442695722
A54=0.455005764961243
A55=-0.228964671958238
A56=-0.762170284055173
A57=0.337296527344734
A58=-0.609190514311194
A59=0.24025766691193
Color Palette=IFS17.MAP
Background Color=$00323232
Shadows=1
Xmin=-0.551555749668373
Xmax=0.0457236362135227
Ymin=-0.851197220847989
Ymax=-0.251173989810728
Zmin=-0.00931940747037713
Zmax=0.594097932441398
