[Settings]
Attractor Type=1
A0=-0.440788969397545
A1=-0.495252877939492
A2=0.474127576686442
A3=-0.881894830148667
A4=0.579521024599671
A5=-0.13877177098766
A6=-0.130111266858876
A7=-0.566323713865131
A8=0.776496116071939
A9=-0.660487708169967
A10=0.85549080837518
A11=-0.555458306800574
A12=0.313937975093722
A13=0.617444788571447
A14=-0.00879159662872553
A15=0.383756982628256
A16=-0.334895856678486
A17=0.0157926450483501
A18=-0.680315411649644
A19=-0.571126099210233
A20=0.288013771641999
A21=0.735115138813853
A22=-0.3863649466075
A23=-0.713783518411219
A24=-0.758986291941255
A25=-0.256311647593975
A26=0.228635064791888
A27=-0.957352421246469
A28=-0.665061991196126
A29=0.154885964468122
A30=-0.787207937333733
A31=-0.886650797910988
A32=-0.175169819500297
A33=-0.63767010346055
A34=-0.583204541821033
A35=-0.671849909238517
A36=0.645825587678701
A37=0.575811808928847
A38=-0.701510491315275
A39=-0.346577742137015
A40=0.228246825747192
A41=0.48224492976442
A42=0.206272553652525
A43=0.000127475243061781
A44=-0.552238035015762
A45=-0.685847483109683
A46=0.737634381279349
A47=-0.901011335197836
A48=-0.558856689371169
A49=-0.216519807931036
A50=0.245793104171753
A51=-0.135552153456956
A52=-0.836215822957456
A53=-0.619689780753106
A54=-0.269222190603614
A55=0.268402622547001
A56=0.635599668137729
A57=0.683386056218296
A58=-0.795045685023069
A59=-0.964220535475761
Color Palette=IFS17.MAP
Background Color=$00323232
Shadows=1
Xmin=-1.06177882403123
Xmax=0.547112444755905
Ymin=-0.522890621596533
Ymax=0.410131113353047
Zmin=-0.497663901974004
Zmax=0.317456754924287
A60=0
A61=0
A62=0
A63=0
A64=0
A65=0
A66=0
A67=0
A68=0
A69=0
A70=0
A71=0
A72=0
A73=0
A74=0
A75=0
A76=0
A77=0
A78=0
A79=0
A80=0
A81=0
A82=0
A83=0
A84=0
A85=0
A86=0
A87=0
A88=0
A89=0
A90=0
A91=0
A92=0
A93=0
A94=0
A95=0
A96=0
A97=0
A98=0
A99=0
A100=0
A101=0
A102=0
A103=0
A104=0
A105=0
Rotation=0
