[Settings]
Attractor Type=1
A0=-0.743182394187897
A1=-0.393100505694747
A2=-0.394716231618077
A3=0.25143442582339
A4=0.483546806965023
A5=-0.00107183679938316
A6=-0.498113897163421
A7=0.604457174427807
A8=0.626586229074746
A9=-0.868147628381848
A10=0.931420867796987
A11=0.72903251554817
A12=0.494797127787024
A13=0.329637669026852
A14=0.928155965637416
A15=0.730425589717925
A16=0.468490038532764
A17=0.402097078040242
A18=0.093230941798538
A19=0.0650444207713008
A20=0.616039647720754
A21=-0.245720652397722
A22=0.979377426207066
A23=-0.843464352656156
A24=0.0322650754824281
A25=0.323959816712886
A26=0.543201552703977
A27=-0.89280945667997
A28=0.438153180293739
A29=-0.419185483362526
A30=0.702504482120275
A31=-0.0135602992959321
A32=-0.832438978366554
A33=0.838518850971013
A34=0.8595827575773
A35=0.690237728413194
A36=-0.174345442093909
A37=0.59779808903113
A38=-0.0223463624715805
A39=0.690566151868552
A40=0.361798237543553
A41=-0.69779338221997
A42=0.850904770661145
A43=0.134247889742255
A44=-0.220349388662726
A45=-0.323189788497984
A46=0.888540799263865
A47=-0.378131240606308
A48=-0.907375768292695
A49=-0.317982374690473
A50=0.713904094416648
A51=-0.362132569774985
A52=-0.0822416977025569
A53=-0.144555841572583
A54=0.993262527976185
A55=-0.989838521927595
A56=-0.701050978619605
A57=-0.540983061306179
A58=0.830300048459321
A59=0.548365561291575
Color Palette=kuler warm green.MAP
Background Color=$00323232
Shadows=1
