[Settings]
Attractor Type=1
A0=-0.158449292648584
A1=-0.215737982653081
A2=-0.998054835479706
A3=-0.0298656281083822
A4=0.670898349490017
A5=-0.514882584102452
A6=-0.448535488452762
A7=0.0566344000399113
A8=-0.410688784439117
A9=-0.824215258471668
A10=0.316091686952859
A11=-0.110019104555249
A12=-0.184227521065623
A13=0.433750509284437
A14=-0.44462845986709
A15=0.62958862632513
A16=0.315702385734767
A17=-0.741677171550691
A18=0.904985700268298
A19=0.506657334044576
A20=-0.235987784340978
A21=-0.00704894447699189
A22=0.129641308449209
A23=-0.309062866028398
A24=0.492875136435032
A25=-0.871948816347867
A26=0.884426840581
A27=-0.690853725653142
A28=-0.812763703987002
A29=0.452475839760154
A30=0.0916130868718028
A31=-0.26196571579203
A32=0.0714060924947262
A33=-0.472025994677097
A34=-0.161524924449623
A35=0.968522660899907
A36=-0.296557212248445
A37=0.220715133007616
A38=-0.492965766228735
A39=0.108270267490298
A40=0.50737606594339
A41=0.777321558445692
A42=0.744625877123326
A43=0.962912541814148
A44=-0.779482654761523
A45=-0.617671499028802
A46=0.478325647767633
A47=-0.538981133140624
A48=-0.98173958575353
A49=-0.833467453718185
A50=0.264586850535125
A51=-0.323997794650495
A52=0.169129919726402
A53=0.810260633006692
A54=0.987538532819599
A55=-0.968291674740612
A56=0.618202327284962
A57=-0.507495444267988
A58=0.0753542366437614
A59=-0.675267676822841
Color Palette=kuler nordic blonde.MAP
Background Color=$00323232
Shadows=1
