[Settings]
Attractor Type=1
A0=-0.322745625860989
A1=0.139613954816014
A2=0.532147694379091
A3=-0.10179127426818
A4=0.708063234575093
A5=0.252743527758867
A6=0.0296122413128614
A7=-0.945778647903353
A8=0.759314610622823
A9=0.823378714267164
A10=0.770423747599125
A11=0.67801185650751
A12=-0.00995438452810049
A13=0.640826631803066
A14=-0.373532010242343
A15=0.317314022686332
A16=0.6184440581128
A17=-0.588331127073616
A18=0.558627631515265
A19=-0.644589964766055
A20=-0.117608629632741
A21=0.266473495401442
A22=0.146017555613071
A23=0.254200043156743
A24=0.0952678411267698
A25=0.434189307503402
A26=-0.102306911256164
A27=-0.189215142279863
A28=-0.0305305612273514
A29=-0.377748209051788
A30=0.937178858090192
A31=-0.815561005845666
A32=-0.267689364496618
A33=0.293309814296663
A34=-0.361936097498983
A35=-0.616149097681046
A36=0.727171882521361
A37=0.0354471215978265
A38=-0.798265803139657
A39=-0.552986463531852
A40=-0.674568587914109
A41=-0.0143188857473433
A42=0.770024321042001
A43=-0.518914868589491
A44=0.740615233778954
A45=0.914678036700934
A46=0.859931604005396
A47=-0.632679257076234
A48=0.78923743404448
A49=0.0157513334415853
A50=0.525517265312374
A51=0.386052621994168
A52=0.268514905124903
A53=0.682711753528565
A54=0.205527280457318
A55=0.430820674169809
A56=-0.342443065717816
A57=0.631856923457235
A58=-0.608245194889605
A59=-0.200500173028558
Color Palette=kuler nothing gold.MAP
Background Color=$00323232
Shadows=1
