[Coords]
amin=3.93859375
amax=3.96859375
bmin=1.985
bmax=2.015
[Settings]
absequence=AABBBBBAAABAB
xstart=0.1
init=100
nlyap=300
palette=sinpal30.MAP
