[Settings]
Attractor Name=Hopalong
Palette=kuler sandstone.MAP
A=9.7671244922094
B=4.10973468795419
C=3.78332691499963
[Coordinates]
Xmin=-102.083333333333
Xmax=102.083333333333
Ymin=-59.3680555555556
Ymax=59.3680555555556
