[Settings]
Attractor Name=Hopalong
Palette=kuler silverback gorilla.MAP
A=9.8724800767377
B=8.66862616268918
C=8.66950439289212
[Coordinates]
Xmin=-88.8888888888889
Xmax=88.8888888888889
Ymin=-51.5
Ymax=51.5
