[Settings]
Attractor Name=Hopalong
Palette=design-seeds painterly hues.MAP
A=9.74546888144687
B=1.56320227775723
C=7.86818214459345
[Coordinates]
Xmin=-153.645833333333
Xmax=153.645833333333
Ymin=-119.361979166667
Ymax=119.361979166667
