[Settings]
Attractor Name=Hopalong
Palette=iq 10.MAP
A=7.16878197155893
B=8.43659746693447
C=2.55983412731439
[Coordinates]
Xmin=-299.479166666667
Xmax=299.479166666667
Ymin=-232.018229166667
Ymax=232.018229166667
