[Settings]
Attractor Name=Hopalong
Palette=iq 02.MAP
A=7.7867514709942
B=0.132189802825451
C=8.14610984409228
[Coordinates]
Xmin=-213.541666666667
Xmax=213.541666666667
Ymin=-164.9609375
Ymax=164.9609375
