[Eye]
X=-0.1
Y=0
Z=1
[Look At]
X=-0.1
Y=0
Z=0
[Zoom]
Zoom=0.7
[Light]
X=0
Y=0
Z=-10
[Rotation]
X=140
Y=0
Z=0
[Settings]
Iterations=9
Epsilon=0.0001
Power=2
Brightness=100
Shading=0
Negative SIN=1
Palette=GAMMA2.MAP
Juliabulb=1
Julia Real=0.326508162102257
Julia Imaginary=0.0559074508743641
Julia Imaginary 2=0.432747020386159
Shadows=1
Supersample=1
Supersample Pixels=1
Bailout=4
