[Settings]
Formula=3
Coloring=2
Palette=sinpal27.MAP
Xmin=-0.37494625
Xmax=0.37504625
Ymin=-3.7499125
Ymax=-2.9721425
