[Settings]
Formula=10
Coloring=2
Palette=sinpal16.MAP
Xmin=-1.687433125
Xmax=1.729199375
Ymin=-1.7499325
Ymax=1.6944775
