[Settings]
Formula=5
Coloring=2
Palette=sinpal33.MAP
Xmin=-1.12493875
Xmax=1.0833725
Ymin=-1.11105
Ymax=1.11115
