[Settings]
Formula=2
Coloring=2
Palette=sinpal40.MAP
Xmin=-1.2645206875
Xmax=-1.09167519375
Ymin=-2.66916713472222
Ymax=-2.4928417375
