[Settings]
Formula=4
Coloring=2
Palette=sinpal35.MAP
Xmin=-1.03934571126302
Xmax=-0.949430522460938
Ymin=-0.384544062114198
Ymax=-0.290392054398148
