[Settings]
Formula=6
Coloring=2
Palette=sinpal32.MAP
Xmin=-0.7540223203125
Xmax=-0.5828434765625
Ymin=-0.285132333333334
Ymax=-0.108590888888889
