[Settings]
Formula=8
Coloring=2
Palette=sinpal28.MAP
Xmin=1.208075419625
Xmax=1.208175418625
Ymin=-4.99990000001299E-5
Ymax=4.99999999998702E-5
