[Settings]
Formula=8
Coloring=2
Palette=sinpal20.MAP
Xmin=-0.87494125
Xmax=-0.0416162499999997
Ymin=-0.4166125
Ymax=0.416712499999999
