[Settings]
Formula=5
Coloring=2
Palette=sinpal34.MAP
Xmin=-2.18420911783854
Xmax=-2.01561512478299
Ymin=1.28234260866341
Ymax=1.45684475022719
