[Settings]
Formula=9
Coloring=2
Palette=sinpal19.MAP
Xmin=0.47504525
Xmax=0.8500415
Ymin=0.177826
Ymax=0.555599999999999
