[Settings]
Formula=7
Coloring=2
Palette=sinpal31.MAP
Xmin=-1.23251003484497
Xmax=-1.22484707979126
Ymin=-0.00394172962962925
Ymax=0.00409050219478776
