[Settings]
xmin=0.61850105367549
xmax=0.9850201965943
ymin=-0.0183080937302949
ymax=0.354621405954421
Color Palette=C:\CODE\DELPHI2010\CHAOS\PALETTES\Flame 693_040412-010.map
CX=-0.508059021085501
CY=-7.61878249701113
Iterations=255
Palette Scaling=6
Variation=0
