[Settings]
xmin=0.448331451606043
xmax=1.82932322224656
ymin=-0.624318530717959
ymax=0.76251304623458
Color Palette=C:\CODE\DELPHI2010\CHAOS\PALETTES\Flame 694_040412-011.map
CX=-2.75876478292048
CY=-6.49387617129833
Iterations=255
Palette Scaling=5
Variation=0
