[Settings]
xmin=2.6474463091189
xmax=2.92233566630801
ymin=0.849918397723185
ymax=1.12961552248672
Color Palette=C:\CODE\DELPHI2010\CHAOS\PALETTES\Flame 695_040412-012.map
CX=-9.64302949607372
CY=-0.116316298954189
Iterations=255
Palette Scaling=10
Variation=0
