[Settings]
xmin=-2.3850333290046
xmax=-0.827736033143092
ymin=-0.811057384728128
ymax=0.779978717421749
Color Palette=C:\CODE\DELPHI2010\CHAOS\PALETTES\Flame 696_040412-013.map
CX=-0.78121168538928
CY=-0.0234404718503356
Iterations=255
Palette Scaling=5
Variation=0
