[Coords]
amin=3.45
amax=3.55
bmin=3.44166666666667
bmax=3.54166666666667
[Settings]
absequence=ABBABA
xstart=0.1
init=100
nlyap=200
palette=sinpal28.MAP
