[Settings]
Attractor Type=3
A0=0.547628127119882
A1=1.19629355741127
A2=0.95042162566224
A3=-0.0432245831167553
A4=-2.07315172736824
A5=-1.27473946093298
A6=-0.94322690298913
A7=0.429967900646247
A8=0.263465711310883
A9=-0.10431691416782
A10=0.0243540757976144
A11=-2.46497905774606
A12=-0.932541114256574
A13=2.20272263900827
A14=0.360848234058808
A15=0.0641159664358623
A16=0.511069056013161
A17=0.671453128048721
A18=0.0663067373923619
A19=1.73116783185915
A20=-0.28688570692694
A21=0.246263896449209
A22=0.574353508250551
A23=1.04599786794189
A24=-0.980262440990593
A25=0.736333409369502
A26=-1.33638423133675
A27=0.414081167861384
A28=-0.0510727868771432
A29=-1.26466416872675
A30=0.262055893124886
A31=0.243764154165339
A32=1.75591228235029
A33=-0.576165941530337
A34=0.672268052065108
B0=-0.940037345297311
B1=-2.09064836031237
B2=-0.985982869535143
B3=-0.568975640576873
B4=1.23752451986844
B5=0.571066175574003
B6=-1.26762461629413
B7=0.343749945488038
B8=0.991740244318636
B9=-0.636348081134817
B10=-1.40864398217802
B11=-0.322293735733843
B12=-1.14771867238275
B13=-0.315295998353632
B14=0.208702150350069
B15=0.860623920271122
B16=-0.527572612043092
B17=0.354134098052579
B18=0.110023217290885
B19=1.70157444620001
B20=0.797671902345842
B21=0.98097697816677
B22=1.35666403461215
B23=0.830527106766733
B24=0.662368526973361
B25=0.152995635964545
B26=-0.232752835453985
B27=-0.313964941431884
B28=-0.67943844204075
B29=0.352393165799351
B30=0.291333603088831
B31=-1.73259046313014
B32=-0.213012844282768
B33=-0.681861118811131
B34=1.21633734451829
C0=-1.02775465796744
C1=-0.815203404153358
C2=0.660804629159979
C3=-0.933625239060399
C4=-1.38543349318436
C5=-1.22617744802353
C6=1.23644839777563
C7=-1.50311249858073
C8=1.2622449606361
C9=0.366514524674242
C10=0.839356081700304
C11=-0.234920324188088
C12=0.734451831623943
C13=-0.0626428997138125
C14=0.54991709567735
C15=-0.942262121725739
C16=3.14980231816433
C17=1.23796280830697
C18=-2.07652564192931
C19=-1.26687279970948
C20=-1.15938838964121
C21=1.07782312248441
C22=-0.37480851213079
C23=-0.713837829990214
C24=-0.784249813400723
C25=-1.18956455167218
C26=0.643202408818415
C27=1.0691896118521
C28=-0.865923660532918
C29=-0.119328515119799
C30=-1.77374781748924
C31=-0.75403054558043
C32=0.404036873172227
C33=1.707282357629
C34=0.559257556888665
Color Palette=Quatgold.MAP
Background Color=$00323232
