[Settings]
Attractor Type=3
A0=1.81026048158333
A1=-1.4042287740902
A2=1.53480226938265
A3=1.44709215526318
A4=-1.16695516376352
A5=-0.000789638837544125
A6=1.3040001104339
A7=-0.976118962661427
A8=3.96187312957582
A9=-0.230104891207966
A10=-0.0300547464953916
A11=-1.01499331615413
A12=-0.204083558841785
A13=-0.136060070767186
A14=-0.608053717211082
A15=1.30029647468685
A16=0.226391472334535
A17=-0.113329253931003
A18=-0.874350774849666
A19=0.929497167662264
A20=-0.171919315020827
A21=0.553120127151738
A22=-0.378569745675692
A23=-1.70286549464667
A24=0.0881509009408031
A25=0.0320367605594162
A26=0.155180893738404
A27=-0.256455708450249
A28=0.0177479216936948
A29=0.697706457434457
A30=-1.48841069999457
A31=-0.574456078293481
A32=-0.429610173381078
A33=0.408175405418325
A34=-0.00935895766206744
B0=0.650296285044719
B1=-0.885875148154542
B2=-1.15732847659719
B3=0.351332909284861
B4=0.648260061593503
B5=-0.344796422245748
B6=-0.79733814757405
B7=-0.841773062389057
B8=-0.823312001076977
B9=1.92321939388529
B10=-0.911702348770569
B11=-0.950474044705852
B12=0.0316062977056528
B13=0.0191177654891009
B14=0.472151430651638
B15=0.477228722576403
B16=0.219481856775954
B17=0.566438817676109
B18=-1.66663075251674
B19=-0.0301320449296897
B20=-0.257940796493118
B21=2.09204886313025
B22=-0.511118087896
B23=-0.0548235164340928
B24=0.220861508260588
B25=-0.376887025857319
B26=-0.775174509267908
B27=3.30360317393785
B28=-1.60270468382168
B29=2.17291586468227
B30=-0.220367527553578
B31=1.43168949219371
B32=0.786646822103139
B33=-1.22419919009671
B34=0.231385290550711
C0=-1.8758448333889
C1=0.540988369320302
C2=0.441319088440424
C3=1.87053484371497
C4=-0.183756220991474
C5=1.65187571840562
C6=0.256197071826054
C7=0.971973303736948
C8=2.34326861635158
C9=-0.103874667876704
C10=0.699528750401075
C11=0.0625094088949191
C12=1.25433798891688
C13=0.0224346252854315
C14=-0.372373677157187
C15=1.69258369252425
C16=0.46011658308376
C17=-0.756595611963004
C18=0.868801301995831
C19=1.01107002608355
C20=0.637857717683058
C21=-0.70810830801965
C22=0.196644616067444
C23=-0.325205724163042
C24=0.668947912862726
C25=-0.512973052612462
C26=-0.100341707515497
C27=-0.502011117336043
C28=0.336156296874225
C29=-0.719036692646156
C30=0.35831092817906
C31=-0.264567557693431
C32=-0.835142509033321
C33=0.915366270355254
C34=0.454562949826281
Color Palette=IFS16.MAP
Background Color=$00323232
Shadows=1
Xmin=-2.4007961746351
Xmax=1.23170609318335
Ymin=-2.42653283297121
Ymax=1.20354897196162
Zmin=-1.14492556958594
Zmax=1.3771246329173
