[Settings]
Attractor Type=3
A0=0.810274966053719
A1=-2.14469490772445
A2=-1.30193550946304
A3=-0.126248244782869
A4=-1.29302632351328
A5=-0.427946749482512
A6=-0.744886414374102
A7=-0.185102158457601
A8=0.130840767605952
A9=-0.401495562849989
A10=-0.0423657072271155
A11=-0.675776959694278
A12=2.11882595738048
A13=-0.34689666855935
A14=0.654175217118356
A15=0.557456132271169
A16=0.449225349272253
A17=1.15007316344771
A18=-0.538313290409453
A19=0.511417528744958
A20=1.67794318723927
A21=0.191770684604143
A22=-0.958301667930485
A23=0.22451799913313
A24=-0.866786358825374
A25=0.991745225523612
A26=0.550332669691734
A27=-1.25211095726479
A28=-0.159283182406337
A29=0.95468744447823
A30=0.14740163999669
A31=-0.906699876972178
A32=0.406319116737
A33=0.438176998711802
A34=-0.316643500264311
B0=-1.11366432490506
B1=-0.727609144870565
B2=0.890587112079427
B3=-0.848210524055887
B4=-1.12735492978962
B5=-0.673865382139682
B6=-0.0157446491788264
B7=-0.156827364210404
B8=0.385204019340857
B9=-0.769193558108203
B10=0.827810730564677
B11=-0.247072268646502
B12=1.35619602277682
B13=1.32058553098127
B14=0.237520676747606
B15=-0.219057885638503
B16=-2.18169096717755
B17=0.299573787655328
B18=0.588065195239052
B19=1.50854141952725
B20=-0.13924285750366
B21=0.547405421407567
B22=0.565735450767666
B23=-1.6474514880764
B24=0.233674519485333
B25=-1.7905721401898
B26=-0.108475694328157
B27=-0.816116661441399
B28=0.224537055990997
B29=-0.278901924062302
B30=-0.633641540983265
B31=0.578543241989515
B32=1.03581049790999
B33=-0.662667259217651
B34=1.82275173364751
C0=2.13672744708632
C1=1.31170465362894
C2=0.415667022366245
C3=1.12078528800845
C4=-2.08623836492279
C5=-1.09073152308395
C6=-0.587811777785502
C7=1.09708035002184
C8=-0.279399226909328
C9=0.631504094933685
C10=-0.393729656868687
C11=-0.900012832871827
C12=-1.13628105755121
C13=0.378236717719727
C14=0.418654418946783
C15=-0.576320894545841
C16=2.24968400266515
C17=0.281692644490407
C18=1.7765813259418
C19=-0.72628289553236
C20=-0.458738310970292
C21=0.244705941400911
C22=-0.00583684451934698
C23=-0.447998843076025
C24=1.91140326390552
C25=1.20098091277188
C26=1.49813134081654
C27=-1.1365848415694
C28=-1.42717467788073
C29=0.320879662844314
C30=0.80039407851175
C31=0.430055301533054
C32=0.192778312198365
C33=2.2581151901387
C34=1.00236863860257
Color Palette=kuler fire and ice.MAP
Background Color=$00323232
Shadows=1
