[Settings]
Attractor Type=3
A0=1.12564029634354
A1=-0.549073768755758
A2=-1.21860490129076
A3=-0.401848314657897
A4=2.54996304254174
A5=0.144845351830396
A6=0.635217212395121
A7=0.850611500062983
A8=-0.0410169823345235
A9=0.793588048124664
A10=0.367428607358324
A11=-1.49321103709928
A12=-0.243253504924764
A13=-0.179112948642623
A14=2.43281141126158
A15=-1.5697616522467
A16=1.15260865897769
A17=0.205047830812162
A18=0.781361054112228
A19=0.415541492081521
A20=0.0162608664669394
A21=-2.08721640217147
A22=-0.659969927860946
A23=0.14217172010225
A24=1.0367359874536
A25=1.55982972557662
A26=0.626370272337152
A27=0.417373500228814
A28=-0.495548708851981
A29=0.0170893406567702
A30=-0.430554912285444
A31=1.31408161386745
A32=1.38567578170992
A33=0.0290594839960132
A34=0.564349421857642
B0=1.12142641619056
B1=-1.03489204436134
B2=1.78327118150822
B3=-1.03693560515678
B4=-1.0229547021093
B5=-0.664271281822603
B6=0.0810921492690708
B7=0.549747335275804
B8=1.30238774066366
B9=0.295549251720213
B10=0.369455188107877
B11=-0.675701720860378
B12=0.00452330958138334
B13=1.00080349427869
B14=0.849821055089468
B15=-0.333491348720912
B16=-0.479781106922581
B17=-0.328431668631162
B18=-1.23750744057892
B19=-0.226050658998075
B20=-0.788258549544755
B21=-0.712991188326567
B22=1.07977588627072
B23=0.325278454901092
B24=-0.134868340368836
B25=-0.89359180650489
B26=0.300658040761728
B27=-1.29310423473302
B28=-1.20509996883011
B29=0.709573186062768
B30=-0.511817104895894
B31=1.05531457694001
B32=0.19084856403461
B33=1.22082109386997
B34=0.506445905404779
C0=-1.0869453818209
C1=0.889624645621766
C2=-1.0408538779157
C3=0.860815083274829
C4=0.19829937354954
C5=-0.891109057847393
C6=0.342661133216131
C7=1.33391451490272
C8=1.36434006194031
C9=0.856276122543576
C10=1.56403338516285
C11=0.727367942119825
C12=0.256401824654495
C13=0.356686270481498
C14=-0.0436602249403922
C15=0.221867622689674
C16=-1.46169595055553
C17=-0.0193913642027259
C18=0.859398134913734
C19=-0.711091263427403
C20=0.796708731246432
C21=1.20423287980113
C22=-2.34440803665524
C23=0.697570590829537
C24=-1.51587264332047
C25=1.98191336957073
C26=1.05234787030725
C27=-1.02376286596599
C28=0.434771778440515
C29=-0.154674878650956
C30=1.04649567938992
C31=0.320087747138362
C32=1.84968447358951
C33=-1.59564139469189
C34=-0.984142375435113
Color Palette=IFS22.MAP
Background Color=clBlack
