[Settings]
Attractor Type=3
A0=-1.69081053475163
A1=1.97024057756016
A2=1.61512329405463
A3=1.33401707018212
A4=1.26423882347249
A5=0.216572913785862
A6=0.511350690718776
A7=-0.664821536854773
A8=-2.86047676919888
A9=1.51021952149616
A10=-0.806122868759761
A11=1.30790344650164
A12=0.754319338620231
A13=-0.732038740540254
A14=0.00876425599026725
A15=-1.59519935479801
A16=-0.221998896620083
A17=0.443824762032869
A18=0.210627317546665
A19=1.40811619932454
A20=1.28597853715053
A21=0.279521164319701
A22=0.756992645097872
A23=-0.718191844402692
A24=0.510599317279037
A25=-0.680877744606107
A26=0.273762450094496
A27=-1.12808339847016
A28=-1.97227381885798
A29=-1.45332608622808
A30=-0.150841813179077
A31=0.436502743046256
A32=-0.575912388394203
A33=0.68755301287608
A34=-2.19237446893989
B0=-0.303985280801536
B1=-1.1861826662769
B2=2.29223708330631
B3=-0.75162179060946
B4=-0.6888200284185
B5=0.100015503375507
B6=-1.26399971256941
B7=1.54695586930989
B8=-1.35015458878618
B9=-0.00529557032090618
B10=1.42902083472181
B11=-0.212000282998998
B12=0.162614947496348
B13=-1.93110052937312
B14=-1.3549702560631
B15=-0.246831553911324
B16=0.533069000315846
B17=-1.06243881823821
B18=0.602694021629374
B19=1.48663657246883
B20=0.484527056257827
B21=-1.66179654929539
B22=-0.350489873175697
B23=0.39331379717385
B24=-0.257251662004829
B25=-0.0826788749423319
B26=0.524430145408579
B27=0.285929696546057
B28=0.519021214285171
B29=-0.845950129552106
B30=-1.82265486940312
B31=1.31960972540809
B32=-0.156164766025547
B33=0.246043734067947
B34=-0.0115967836198601
C0=0.90039366634338
C1=-0.352686522568929
C2=-2.38525328624135
C3=-1.95749883445544
C4=-1.32233944138226
C5=0.199285418613576
C6=-0.891631197214376
C7=1.18696773494647
C8=-1.27002401426566
C9=1.38097483601175
C10=1.13293430328126
C11=-0.995931500872269
C12=0.0733071301493359
C13=0.255365666345048
C14=-1.79847654437419
C15=-0.0264732652462984
C16=-0.802741712821141
C17=-0.835166275968336
C18=0.97531881723201
C19=-0.0811926272726354
C20=-0.923551057860766
C21=1.43283450532815
C22=0.380280871331134
C23=2.10711773622114
C24=-0.359610905014711
C25=-1.09587392584826
C26=-2.59938708254191
C27=0.9347120954248
C28=0.665098103947307
C29=-0.230502034402002
C30=-0.538182232537164
C31=-0.400437417762737
C32=1.30899148944665
C33=-1.5611875745399
C34=-1.29222755016478
Color Palette=IFS16.MAP
Background Color=$00323232
