[Settings]
Attractor Type=5
A0=0.316522306762636
A1=1.56178122246638
A2=1.18048611283302
A3=1.11535005224869
A4=0.717325271107256
A5=0.199869584757835
A6=1.19727442599833
A7=1.30872066458687
A8=0.611725772731006
A9=0.0267553315497935
A10=1.23313887789845
A11=0.46824314026162
A12=0.51067437697202
A13=1.2740520988591
A14=0.0889050643891096
A15=0.337253679987043
A16=1.84828601684421
A17=1.34235698217526
A18=0.368018515408039
A19=1.94751774473116
A20=0.229520657099783
A21=0.636333544272929
A22=0.236920671537519
A23=0.541227126028389
A24=0.0548170832917094
A25=0.518935448024422
A26=0.0780029855668545
A27=0.0652626412920654
A28=1.67792981583625
A29=1.91602071421221
A30=0.441389149054885
A31=0.0189724541269243
A32=0.753219149075449
A33=1.60260660434142
A34=0.201795443892479
B0=1.22656962601468
B1=1.98604014981538
B2=1.5922804181464
B3=0.0714092087000608
B4=0.598925893660635
B5=1.7797095766291
B6=0.148033278528601
B7=1.559595964849
B8=0.35287458403036
B9=1.56170796696097
B10=0.810671959538013
B11=1.91043290682137
B12=0.334672430064529
B13=1.4280917821452
B14=0.332859596703202
B15=0.907495569437742
B16=0.576710503082722
B17=1.60889728087932
B18=0.613171495962888
B19=1.3780682887882
B20=1.16091753309593
B21=0.768555558286607
B22=0.122975016478449
B23=1.92812955379486
B24=0.966928854119033
B25=0.90201070997864
B26=1.79620007844642
B27=1.53866548277438
B28=1.08627097448334
B29=1.48279112111777
B30=1.41325029591098
B31=1.92956142500043
B32=1.18381177214906
B33=0.0192838804796338
B34=1.01030473457649
C0=0.54723440296948
C1=1.8420097171329
C2=1.87966123502702
C3=0.15823737392202
C4=0.244863595813513
C5=1.09407305298373
C6=1.46474763471633
C7=0.114042751956731
C8=0.949728583917022
C9=0.915741411503404
C10=0.423038772307336
C11=0.19880340481177
C12=0.850632563233376
C13=0.977238505613059
C14=0.760526106692851
C15=1.16486966283992
C16=0.918612921610475
C17=1.06399953505024
C18=0.876824448816478
C19=1.99094836274162
C20=0.348957840353251
C21=0.203746381681412
C22=1.8245713757351
C23=0.182029605377465
C24=0.427051020786166
C25=0.772078429814428
C26=1.88327976968139
C27=1.37595413858071
C28=1.72429453581572
C29=0.857829011511058
C30=1.6038934821263
C31=1.78787136496976
C32=0.0303598064929247
C33=0.669437476899475
C34=1.98029612284154
Rotation=0
Color Palette=kuler backyard bbq.MAP
Background Color=$00323232
Shadows=1
Xmin=-2.64202549761573
Xmax=4.05151866358908
Ymin=-0.760505231911127
Ymax=3.11756691648691
Zmin=-0.618400355835562
Zmax=1.87827337060283
A35=0
A36=0
A37=0
A38=0
A39=0
A40=0
A41=0
A42=0
A43=0
A44=0
A45=0
A46=0
A47=0
A48=0
A49=0
A50=0
A51=0
A52=0
A53=0
A54=0
A55=0
A56=0
A57=0
A58=0
A59=0
A60=0
A61=0
A62=0
A63=0
A64=0
A65=0
A66=0
A67=0
A68=0
A69=0
A70=0
A71=0
A72=0
A73=0
A74=0
A75=0
A76=0
A77=0
A78=0
A79=0
A80=0
A81=0
A82=0
A83=0
A84=0
A85=0
A86=0
A87=0
A88=0
A89=0
A90=0
A91=0
A92=0
A93=0
A94=0
A95=0
A96=0
A97=0
A98=0
A99=0
A100=0
A101=0
A102=0
A103=0
A104=0
A105=0
