[Settings]
Attractor Type=10
A0=-0.763974006753415
A1=0.128941020928323
A2=0.92466478375718
A3=-0.0166568737477064
A4=0.298614511732012
A5=-0.407720039598644
A6=0.186700591351837
A7=-0.0129754096269608
A8=0.618518338073045
A9=-0.130796504206955
A10=0.807949661742896
A11=0.52447378449142
A12=0.702017894480377
A13=0.469141081906855
A14=0.725695987697691
A15=0.732794266194105
A16=0.988048937637359
A17=0.853861345909536
A18=-0.915768076200038
A19=-0.989306097850204
A20=0.356381269637495
A21=-0.646634357981384
A22=0.689325959887356
A23=0.665823735296726
A24=-0.760686926078051
A25=-0.900640268810093
A26=-0.449418880511075
A27=-0.998430022969842
A28=-0.0693691237829626
A29=-0.0549464141950011
A30=0.355433983262628
A31=0.0620491243898869
A32=-0.814414869528264
A33=-0.159960680641234
A34=-0.781455662567168
A35=-0.245943797752261
A36=0.705631429795176
A37=-0.371002758853137
A38=-0.449674552772194
A39=0.564716130495071
A40=-0.398312657605857
A41=-0.257019964046776
A42=-0.611635044682771
A43=-0.406411783769727
A44=-0.570345127489418
A45=-0.247974931262434
A46=-0.964513594750315
A47=0.117973770946264
A48=0.891958546359092
A49=0.247844814322889
A50=0.348201389890164
A51=-0.589823147282004
A52=-0.201150876935571
A53=-0.97465458791703
A54=-0.480697675142437
A55=0.0254681333899498
A56=0.383222930599004
A57=0.0317233456298709
A58=-0.301654153037816
A59=0.27950189076364
A60=0.562706826720387
A61=0.0518902475014329
A62=0.293776837643236
A63=0.133936125785112
A64=0.242758784908801
A65=0.598975828848779
A66=0.300443071406335
A67=-0.790994195267558
A68=0.254534105304629
A69=0.978658934123814
A70=-0.503749510738999
A71=0.141799226403236
A72=0.0212672506459057
A73=0.996076720766723
A74=-0.148290902841836
A75=-0.991012485697865
A76=0.546919307205826
A77=0.274061963893473
A78=-0.00388051057234406
A79=-0.967242766171694
A80=-0.179158929269761
A81=-0.348541514016688
A82=0.084149997215718
A83=0.288696134462953
A84=0.232201757375151
A85=0.630264711566269
A86=0.906554461922497
A87=0.634382016956806
A88=0.0879333396442235
A89=-0.659644653089345
A90=-0.411219366360456
A91=-0.422575274482369
A92=-0.172059492673725
A93=-0.00946881528943777
A94=0.72121919458732
A95=-0.698288735002279
A96=0.0313262534327805
A97=-0.725352966226637
A98=0.264843407552689
A99=-0.429395956918597
A100=0.80738308513537
A101=-0.298432226292789
A102=0.0759893893264234
A103=-0.274157762527466
A104=0.665099859703332
A105=0.317702534608543
Rotation=0
Color Palette=colorschemer temple of joy.MAP
Background Color=clBlack
Shadows=1
Xmin=-41.0383630894896
Xmax=40.8840159846941
Ymin=-27.8035744940545
Ymax=29.3945989416471
Zmin=-30.5225356227029
Zmax=29.7064086851028
