[Settings]
Attractor Type=7
A0=-0.607352139893919
A1=-0.431492697447538
A2=0.897944991011173
A3=0.19280847068876
A4=0.390364337246865
A5=0.918652417138219
A6=0.384218583349138
A7=-0.0594115955755115
A8=-0.0953167588450015
A9=0.334139987826347
A10=0.515106067527086
A11=-0.967804145999253
A12=-0.601819992531091
A13=-0.773031713441014
A14=0.346204272005707
A15=0.223642305471003
A16=-0.45895121479407
A17=0.898791652172804
A18=-0.360797140281647
A19=0.0904659172520041
A20=-0.453570414800197
A21=0.592556232586503
A22=-0.00493696099147201
A23=-0.93137492518872
A24=-0.750123946461827
A25=-0.735161148011684
A26=0.590711899567395
A27=0.51297007035464
A28=0.276713870000094
A29=0.797639003023505
A30=-0.886997626628727
A31=-0.257957092486322
A32=-0.858960228506476
A33=0.868373963981867
A34=0.983688820619136
A35=0.537955231033266
A36=-0.379888799507171
A37=0.196827040985227
A38=0.469168240670115
A39=-0.929905618540943
A40=0.24787657847628
A41=-0.612201064825058
A42=-0.231262892019004
A43=-0.288592425175011
A44=-0.728603795636445
A45=-0.911787765100598
A46=0.675113833043724
A47=-0.283985792659223
A48=-0.0860962220467627
A49=-0.322580967098475
A50=-0.0990231516771019
A51=0.22689628507942
A52=-0.711741451639682
A53=-0.790538331493735
A54=-0.334731680806726
A55=-0.417583021335304
A56=0.804538087453693
A57=0.826036594808102
A58=-0.366986520122737
A59=-0.609582697041333
A60=0.415521688293666
A61=-0.64108862914145
A62=0.802405594382435
A63=0.338640921749175
A64=-0.456185611430556
A65=-0.659455221146345
A66=0.432906542439014
A67=-0.789762922562659
A68=0.0343616190366447
A69=-0.858339933678508
A70=-0.39188696956262
A71=-0.926908354274929
A72=0.976104476954788
A73=0.454521313309669
A74=-0.472861572634429
A75=-0.888263684697449
A76=-0.263474375475198
A77=0.840662924572825
A78=-0.881739774253219
A79=-0.929414107464254
A80=0.0528358123265207
A81=-0.43817775323987
A82=-0.931416872423142
A83=-0.222746268846095
A84=0.523551027756184
A85=-0.587174689397216
A86=-0.136532244738191
A87=-0.285304713062942
A88=-0.655789731536061
A89=-0.224824301898479
A90=-0.0705250124447048
A91=0.110929797403514
A92=-0.369016059208661
A93=0.610096534714103
A94=0.474575920496136
A95=-0.484909913502634
A96=0.175922883208841
A97=-0.390224393457174
A98=0.119377453345805
A99=-0.671449505724013
A100=0.977598014753312
A101=-0.774436397477984
A102=0.913113499525934
A103=0.259882931597531
A104=-0.609119391534477
A105=0.79187548160553
Rotation=0
Color Palette=colorschemer lagoon nebula 2.MAP
Background Color=clBlack
Shadows=1
Xmin=-1.14278865654432
Xmax=1.10933428928846
Ymin=-1.5201770108809
Ymax=0.631292725528251
Zmin=-1.28360360689173
Zmax=1.62300682310536
