[Settings]
Attractor Type=7
A0=-0.325507844798267
A1=-0.420564240310341
A2=0.593446403741837
A3=-0.463767736684531
A4=0.245172413997352
A5=-0.578334287274629
A6=0.246786339208484
A7=-0.495882832910866
A8=0.0416949400678277
A9=-0.554372245911509
A10=-0.147359523922205
A11=0.360091876704246
A12=-0.562489510513842
A13=0.916524882894009
A14=0.226769903674722
A15=0.131692307535559
A16=-0.186049017123878
A17=0.459278421010822
A18=0.585089825093746
A19=0.855037443805486
A20=0.634326185099781
A21=-0.695988588500768
A22=0.146086549386382
A23=-0.538085700478405
A24=0.254348509944975
A25=-0.786827357951552
A26=-0.858562391251326
A27=-0.292121495585889
A28=-0.0623640501871705
A29=0.434051293414086
A30=-0.0464149992913008
A31=0.735120514873415
A32=-0.954956869594753
A33=-0.479567787144333
A34=-0.400988444685936
A35=0.363847449887544
A36=-0.133429509587586
A37=-0.632858187425882
A38=-0.724029572680593
A39=-0.294069448020309
A40=-0.935398413799703
A41=0.301234593149275
A42=-0.804582286626101
A43=0.194568273145705
A44=-0.802781478501856
A45=-0.426429708022624
A46=-0.586101805791259
A47=0.623714985791594
A48=0.290345502085984
A49=-0.905468343291432
A50=-0.112865798175335
A51=0.291025318671018
A52=-0.0725294845178723
A53=-0.242367156315595
A54=-0.536932388320565
A55=0.838064117822796
A56=0.825695135630667
A57=-0.805231558624655
A58=0.0331049598753452
A59=-0.118467967491597
A60=-0.633137547411025
A61=0.306853118818253
A62=0.560315685346723
A63=0.0292567261494696
A64=-0.947486872784793
A65=0.413601899053901
A66=0.203333497047424
A67=-0.625300287734717
A68=-0.648580429144204
A69=-0.633798942435533
A70=0.254710866138339
A71=0.0637288154102862
A72=0.908448250032961
A73=-0.533380354288965
A74=-0.887523356825113
A75=0.0274062571115792
A76=0.5835001161322
A77=0.537311639171094
A78=-0.996353199705482
A79=-0.525457633193582
A80=0.289279160089791
A81=-0.0149412886239588
A82=-0.321561701595783
A83=0.237764917779714
A84=0.0966390920802951
A85=0.20270363194868
A86=0.793936079367995
A87=0.566854088101536
A88=0.576258146204054
A89=0.152524290140718
A90=-0.794036816805601
A91=0.463093046564609
A92=-0.154607989825308
A93=0.474998343270272
A94=-0.112096009775996
A95=-0.851615836378187
A96=-0.711545119993389
A97=-0.0332915098406374
A98=-0.304769411683083
A99=0.762880847323686
A100=0.420178639702499
A101=-0.228861630428582
A102=-0.305517734959722
A103=0.884885004255921
A104=-0.139899834059179
A105=0.126109083648771
Rotation=0
Color Palette=kuler afternoon heat.MAP
Background Color=clBlack
Shadows=1
Xmin=-2.24525486359559
Xmax=2.54705811617314
Ymin=-0.362714286372489
Ymax=1.48165772589173
Zmin=-1.48680940494543
Zmax=0.749264256973473
