[Settings]
Attractor Type=6
A0=0.799160918686539
A1=0.533805177547038
A2=0.787511338945478
A3=0.953095387667418
A4=-0.260573628824204
A5=-0.671142355538905
A6=-0.606490929145366
A7=-0.0526920910924673
A8=0.584342660848051
A9=-0.813620614819229
A10=0.164178611245006
A11=-0.192243330180645
A12=0.881076135206968
A13=0.437416980974376
A14=-0.769172914791852
A15=-0.928651610389352
A16=0.216015859041363
A17=-0.976806900463998
A18=-0.154045450035483
A19=-0.767483051866293
A20=-0.279000799637288
A21=0.401234424673021
A22=-0.21110635669902
A23=-0.853578371927142
A24=0.964303041342646
A25=0.375327710993588
A26=-0.609410142991692
A27=0.527848482131958
A28=0.320150614250451
A29=-0.681946036405861
A30=0.521272435318679
A31=0.264564825221896
A32=-0.589516037609428
A33=0.75465074274689
A34=-0.615234101656824
A35=-0.236123148351908
A36=0.712752026040107
A37=-0.223047406412661
A38=0.46319219050929
A39=0.0511403772979975
A40=-0.0725356466136873
A41=-0.743840399198234
A42=-0.544186546001583
A43=-0.161025293171406
A44=-0.800739563535899
A45=0.323184068314731
A46=-0.44423457281664
A47=0.285929625853896
A48=-0.21475532790646
A49=0.0853253239765763
A50=-0.0915685319341719
A51=0.663355518132448
A52=-0.735663052182645
A53=0.0480226492509246
A54=-0.404792797286063
A55=-0.350773392245173
A56=0.881388852838427
A57=-0.78956366609782
A58=0.986405798699707
A59=-0.532332673668861
A60=-0.880184486042708
A61=0.303606855683029
A62=0.807053863536566
A63=0.592931805178523
A64=0.0964930565096438
A65=0.139942185021937
A66=-0.24067203188315
A67=-0.76341350749135
A68=-0.127328309696168
A69=-0.457216785289347
A70=0.0453817951492965
A71=0.33664589561522
A72=0.274654420558363
A73=0.824797314591706
A74=0.634313912596554
A75=-0.732588551938534
A76=0.317991383839399
A77=-0.716049988754094
A78=0.617026172112674
A79=-0.0112364981323481
A80=-0.171060191001743
A81=-0.314195207320154
A82=-0.507277267519385
A83=-0.146343555301428
A84=0.356939603108913
A85=-0.799098961986601
A86=-0.269200291950256
A87=-0.207433057948947
A88=0.971854562405497
A89=0.765960072167218
A90=-0.548124557826668
A91=-0.906354695558548
A92=-0.960270791780204
A93=-0.662330654449761
A94=-0.428288594353944
A95=0.497319979593158
A96=0.570811247918755
A97=0.00779473874717951
A98=0.2517737201415
A99=-0.17589483037591
A100=-0.766410339158028
A101=-0.551629007793963
A102=0.000185306649655104
A103=0.8543615732342
A104=-0.371401590760797
A105=0.655720260925591
Rotation=0
Color Palette=kuler chocolate ice cream.MAP
Background Color=$00323232
Shadows=1
Xmin=-0.610535177043971
Xmax=3.35067809786923
Ymin=-3.00433277251833
Ymax=1.85813846292112
Zmin=-0.331564518979002
Zmax=1.676289381971
