[Settings]
Attractor Type=6
A0=0.135128831025213
A1=0.061162706464529
A2=-0.510962742846459
A3=0.920158534310758
A4=0.550620819907635
A5=0.657778153195977
A6=-0.629373622592539
A7=0.334335443563759
A8=-0.778978718910366
A9=-0.150843091309071
A10=-0.266613222192973
A11=0.222392435185611
A12=-0.74280943768099
A13=0.132471805438399
A14=-0.722461910452694
A15=0.657205008901656
A16=-0.617607119027525
A17=0.418477524071932
A18=0.529021684546024
A19=-0.370680131949484
A20=-0.146439027506858
A21=-0.987166164442897
A22=-0.37888311361894
A23=0.330035974271595
A24=0.751701363828033
A25=0.443131968379021
A26=-0.695427193772048
A27=0.577063727192581
A28=0.985190271865577
A29=-0.149625899270177
A30=-0.219994196202606
A31=-0.648487730883062
A32=0.849710126873106
A33=-0.83634402230382
A34=0.446312573272735
A35=-0.0850450852885842
A36=-0.511423279065639
A37=-0.223197346553206
A38=0.158848854247481
A39=-0.524677294306457
A40=-0.902793018613011
A41=0.945707358419895
A42=0.0911237676627934
A43=-0.12962390948087
A44=0.215477369260043
A45=-0.374876508489251
A46=-0.206240223255008
A47=0.237504729069769
A48=0.951722902711481
A49=-0.0363402627408504
A50=-0.45553172705695
A51=-0.861394577659667
A52=-0.517873194534332
A53=-0.824271691963077
A54=0.582790786866099
A55=0.108788167126477
A56=-0.330749219749123
A57=-0.990803688764572
A58=-0.676644175779074
A59=-0.902339664287865
A60=0.143455907236785
A61=0.527490241453052
A62=0.141401326749474
A63=0.771938980557024
A64=-0.309035832528025
A65=0.424903597682714
A66=-0.175687241833657
A67=-0.851858736015856
A68=0.292310591321439
A69=-0.406142374500632
A70=-0.717073184903711
A71=0.524103012867272
A72=-0.345063968095928
A73=-0.837134815752506
A74=0.616350763011724
A75=-0.82192460168153
A76=-0.416329436469823
A77=-0.276052260771394
A78=0.124047397170216
A79=0.804149740375578
A80=-0.967142494861037
A81=-0.0317445211112499
A82=0.35893562855199
A83=-0.847239562310278
A84=-0.816131931263953
A85=-0.551359442993999
A86=0.815256694797426
A87=-0.154983977787197
A88=0.391756632830948
A89=0.687933459877968
A90=-0.655044003855437
A91=-0.170391661114991
A92=-0.655193359125406
A93=0.351672498509288
A94=0.896330556366593
A95=-0.548950149677694
A96=-0.719282875303179
A97=-0.295963574200869
A98=0.668692108709365
A99=0.597989066503942
A100=0.603179852943867
A101=-0.9342698212713
A102=-0.723204193171114
A103=0.900354099459946
A104=-0.25740289548412
A105=-0.507426254451275
Rotation=0
Color Palette=kuler candy corn.MAP
Background Color=$00323232
Shadows=1
Xmin=-0.391727017372693
Xmax=0.818655260475437
Ymin=-1.2760338960966
Ymax=1.20975145857679
Zmin=-0.251325317599471
Zmax=1.45422077497721
