[Settings]
Attractor Type=8
A0=-0.0991576896049082
A1=-0.231703154742718
A2=0.944885410834104
A3=-0.562994648702443
A4=0.506478897761554
A5=-0.786842742934823
A6=-0.382190780248493
A7=0.870905020274222
A8=0.153239739593118
A9=0.487570825964212
A10=0.464408237952739
A11=-0.166022145189345
A12=0.406102004926652
A13=-0.125080509111285
A14=0.694072628859431
A15=0.835577015765011
A16=-0.376156783197075
A17=-0.270850539207458
A18=0.376826405990869
A19=-0.772712585516274
A20=-0.928287849295884
A21=0.413125706836581
A22=-0.989900106098503
A23=0.411788017489016
A24=0.840740357991308
A25=-0.729810420423746
A26=-0.748482185881585
A27=0.881792276166379
A28=0.917444314341992
A29=-0.652330448850989
A30=-0.588547003921121
A31=-0.942183318547904
A32=-0.752331806812435
A33=-0.908904917538166
A34=0.7990957130678
A35=0.393527443520725
A36=-0.861682735849172
A37=0.727863615378737
A38=0.515788643155247
A39=-0.282584703527391
A40=0.840731916483492
A41=-0.440889310091734
A42=0.789377455133945
A43=0.279548428021371
A44=0.65945230750367
A45=0.878533186390996
A46=0.443327019456774
A47=-0.527846465818584
A48=-0.569876363966614
A49=-0.263084307312965
A50=0.594353244174272
A51=-0.307225001044571
A52=0.710292040836066
A53=-0.728890003636479
A54=-0.827679464127868
A55=-0.681237800978124
A56=-0.473158875945956
A57=-0.183782298117876
A58=-0.643845114391297
A59=-0.738165066577494
A60=-0.976180900353938
A61=-0.480274027213454
A62=-0.480477420147508
A63=-0.928523021750152
A64=0.854406566824764
A65=-0.323653601109982
A66=0.78002453641966
A67=-0.944092233665287
A68=-0.339225091505796
A69=0.502306988462806
A70=0.745656265411526
A71=-0.610617808066308
A72=0.485585314687341
A73=-0.432152714580297
A74=0.552283455152065
A75=-0.325431459583342
A76=0.458878431003541
A77=-0.393333388492465
A78=0.785883183125407
A79=0.928754542954266
A80=0.604104632046074
A81=0.921075433492661
A82=0.383300751913339
A83=0.462631556205451
A84=0.107044919859618
A85=0.101599855348468
A86=-0.894727849867195
A87=0.620406867004931
A88=-0.108627552632242
A89=-0.720210764557123
A90=0.675462138373405
A91=0.849994122050703
A92=0.844604666810483
A93=0.632976928725839
A94=0.179267960134894
A95=-0.927968117408454
A96=0.53819610318169
A97=-0.640255846083164
A98=-0.183861322235316
A99=0.816480304114521
A100=0.785521752666682
A101=0.844836985692382
A102=-0.400839866604656
A103=-0.904454058967531
A104=0.881501106079668
A105=0.232286471873522
Rotation=15
Color Palette=colorschemer kona coffee beans.MAP
Background Color=clBlack
Shadows=1
Xmin=-2.29207721384671
Xmax=2.53772637763402
Ymin=-0.584096739052679
Ymax=2.75099820409017
Zmin=-4.22202310278584
Zmax=1.97842362355721
