[Settings]
Attractor Type=9
A0=0.772633779328316
A1=-0.239763556048274
A2=-0.194177200552076
A3=-0.0704701049253345
A4=0.316492745187134
A5=-0.958802238106728
A6=0.852946207392961
A7=0.546652900986373
A8=-0.84075301932171
A9=0.288711844012141
A10=-0.500534483697265
A11=0.025165812112391
A12=0.78725274419412
A13=0.635243576020002
A14=-0.588876876514405
A15=0.210870458744466
A16=-0.485031594056636
A17=0.580330902710557
A18=-0.778160778339952
A19=0.454520148225129
A20=0.501922221388668
A21=-0.549576304852962
A22=0.707906134892255
A23=0.857791344635189
A24=-0.142429270315915
A25=-0.701824257150292
A26=-0.840551720466465
A27=0.505583473481238
A28=-0.322202222887427
A29=-0.540060129016638
A30=-0.957102249842137
A31=0.15339685138315
A32=-0.643195834476501
A33=0.490216182544827
A34=0.548235530499369
A35=-0.661461259238422
A36=-0.981862074229866
A37=0.691803425550461
A38=-0.88525167061016
A39=0.383907529525459
A40=-0.591384783852845
A41=0.960403485223651
A42=0.529051041696221
A43=0.263105035759509
A44=-0.901118154171854
A45=0.162429001182318
A46=0.689124834258109
A47=-0.204373062588274
A48=0.334365423303097
A49=-0.235235890373588
A50=-0.371879143174738
A51=0.140881326980889
A52=-0.619631870184094
A53=0.935228310525417
A54=-0.108320422004908
A55=-0.940214608795941
A56=-0.294949882198125
A57=-0.167506540194154
A58=-0.137484253849834
A59=-0.0873097842559218
A60=0.844053534325212
A61=-0.695796113461256
A62=-0.873981024604291
A63=0.862383714877069
A64=0.290517169516534
A65=-0.287950364872813
A66=-0.529380043502897
A67=0.250921686179936
A68=0.25423173001036
A69=0.102542832493782
A70=-0.383327707182616
A71=0.619036990217865
A72=-0.366314262617379
A73=-0.557752819731832
A74=0.267599961254746
A75=0.336876855231822
A76=0.0447520515881479
A77=0.136210571974516
A78=0.577060398180038
A79=0.314818306826055
A80=-0.750234980601817
A81=0.548350835219026
A82=-0.374126789625734
A83=-0.236888277344406
A84=-0.169261752162129
A85=-0.25745540112257
A86=-0.997535489033908
A87=-0.53089748788625
A88=-0.549526997376233
A89=0.163169285282493
A90=-0.919423119630665
A91=-0.439219078980386
A92=-0.454692768398672
A93=0.473848227411509
A94=0.0879949522204697
A95=-0.774590038694441
A96=-0.20674478681758
A97=-0.726851088926196
A98=-0.439963375683874
A99=0.351981465704739
A100=0.201287829782814
A101=0.905984342098236
A102=0.271559894550592
A103=-0.433749732561409
A104=-0.844496533740312
A105=-0.910532461479306
Rotation=0
Color Palette=colorschemer tulip field.MAP
Background Color=clBlack
Shadows=1
Xmin=-0.161086352050996
Xmax=4.25875949391282
Ymin=-1.05057863932618
Ymax=2.72340617288625
Zmin=7.93135782968066
Zmax=13.877312370602
