[Settings]
Attractor Type=10
A0=0.217319601681083
A1=-0.00259581208229065
A2=-0.683785944711417
A3=-0.616454270668328
A4=0.493354066740721
A5=-0.558163003996015
A6=-0.650085115339607
A7=0.0609056958928704
A8=0.680292373057455
A9=-0.343482229858637
A10=-0.780250656884164
A11=-0.625347197987139
A12=0.984011347871274
A13=-0.589423259720206
A14=0.970099049154669
A15=0.0403474839404225
A16=0.950574891176075
A17=-0.22435799986124
A18=0.165647440124303
A19=0.414121772162616
A20=0.524217374157161
A21=0.790756499394774
A22=0.0909647331573069
A23=-0.134395903907716
A24=0.78696766262874
A25=0.535498160868883
A26=-0.00889148889109492
A27=0.355922213755548
A28=-0.276336234528571
A29=-0.669946877285838
A30=0.946989933494478
A31=0.189534266479313
A32=0.856108108069748
A33=0.280992105603218
A34=-0.520744427572936
A35=0.408637958578765
A36=-0.909886569250375
A37=-0.10850009508431
A38=-0.525565126445144
A39=0.798907862044871
A40=0.619189312215894
A41=0.954808007925749
A42=-0.472896758001298
A43=0.975310846231878
A44=0.228619317989796
A45=0.449580335989594
A46=-0.70818924671039
A47=0.516749632544816
A48=-0.156321226153523
A49=-0.34399788826704
A50=0.938526489306241
A51=0.618284474126995
A52=0.66574316425249
A53=0.211321851238608
A54=0.305348499212414
A55=0.229682960547507
A56=-0.259962844196707
A57=0.323596481233835
A58=0.842229385394603
A59=0.149047947488725
A60=0.298774245660752
A61=-0.137610418722034
A62=-0.0605324856005609
A63=-0.959726388566196
A64=-0.276562965009362
A65=-0.45482724905014
A66=-0.265286147128791
A67=-0.156920370645821
A68=-0.53005187259987
A69=-0.0618198979645967
A70=0.992244428489357
A71=-0.455626516602933
A72=-0.199518347624689
A73=0.490465875715017
A74=-0.851751584094018
A75=-0.220309109427035
A76=0.665665413718671
A77=-0.680084815248847
A78=0.11588184768334
A79=0.233464357443154
A80=0.580923662986606
A81=0.969957880675793
A82=-0.0561630497686565
A83=-0.693130140192807
A84=-0.159289502073079
A85=-0.14426445402205
A86=0.92217710474506
A87=-0.977998352609575
A88=0.914383885916322
A89=-0.38152838870883
A90=-0.770812566857785
A91=-0.368874826468527
A92=-0.632529687602073
A93=-0.893205402418971
A94=-0.287008990999311
A95=-0.10024185013026
A96=-0.847929945681244
A97=0.203764483332634
A98=-0.0983193065039814
A99=-0.467670273967087
A100=0.610153078567237
A101=-0.781647803261876
A102=-0.164283403661102
A103=0.709167794324458
A104=0.0334955654107034
A105=0.0601222328841686
Rotation=0
Color Palette=colorschemer starry night.MAP
Background Color=clBlack
Shadows=1
Xmin=-7.92094269589699E19
Xmax=7.80668416945034E19
Ymin=-8.23078062952335E19
Ymax=8.07080884846678E19
Zmin=-2.9684697450057E19
Zmax=3.02074985349184E19
