[Settings]
Attractor Type=10
A0=0.266034773550928
A1=0.891597169917077
A2=-0.555926827713847
A3=-0.173644681926817
A4=0.820186872966588
A5=0.615999558474869
A6=-0.698908552527428
A7=-0.379537269007415
A8=0.00572599750012159
A9=-0.031685144174844
A10=0.933813182637095
A11=0.880032023880631
A12=-0.515452577732503
A13=-0.226843843702227
A14=0.540987443178892
A15=0.477226492483169
A16=0.509557469747961
A17=0.25550429103896
A18=0.549764478579164
A19=0.559027852956206
A20=-0.628182935528457
A21=0.151425601448864
A22=0.544284589588642
A23=0.0651805778034031
A24=-0.634736587293446
A25=0.406680337619036
A26=-0.866279879584908
A27=0.94340185681358
A28=0.237759807147086
A29=-0.693028318230063
A30=0.978520575910807
A31=0.15560718299821
A32=0.597223556600511
A33=0.383585396688432
A34=-0.306389136239886
A35=-0.931098436471075
A36=-0.758417959325016
A37=0.938170099165291
A38=-0.15270733833313
A39=0.325086355675012
A40=-0.118693110533059
A41=-0.469591841567308
A42=-0.225401090458035
A43=0.782431727740914
A44=0.223276288248599
A45=-0.727672780398279
A46=-0.576148573309183
A47=-0.37653525499627
A48=0.884715407155454
A49=0.273002352099866
A50=-0.0448283459991217
A51=-0.777476919349283
A52=0.105964955873787
A53=-0.922601176891476
A54=0.309694521129131
A55=0.866824351716787
A56=0.730827863328159
A57=-0.556894503999501
A58=0.46823543868959
A59=-0.0751989199779928
A60=0.42324408236891
A61=-0.701291146222502
A62=-0.381839584559202
A63=-0.444548721890897
A64=0.589043519459665
A65=-0.772442352492362
A66=-0.0527906995266676
A67=0.552454660180956
A68=-0.0284729106351733
A69=0.320668169762939
A70=-0.716977849602699
A71=-0.583195521961898
A72=-0.610374105162919
A73=-0.25747984694317
A74=0.297118721529841
A75=-0.748295017983764
A76=0.587388531304896
A77=0.853493293281645
A78=0.492081087082624
A79=0.573484506923705
A80=0.663546516560018
A81=-0.767305601853877
A82=-0.309310620650649
A83=-0.367725817020983
A84=0.0499078454449773
A85=0.444925160612911
A86=0.245760656893253
A87=0.336202271748334
A88=0.507328669540584
A89=-0.104459442663938
A90=-0.310559103265405
A91=0.372854127082974
A92=0.10801310185343
A93=-0.383052127901465
A94=0.0407001115381718
A95=0.621747781056911
A96=0.672891146503389
A97=-0.669503655750304
A98=0.489780591800809
A99=-0.548424845095724
A100=-0.367175246588886
A101=-0.372492557857186
A102=0.678348273038864
A103=-0.00404110504314303
A104=0.782391997985542
A105=-0.38680423842743
Rotation=0
Color Palette=colorschemer samhain.MAP
Background Color=clBlack
Shadows=1
Xmin=-3.81088271321176E19
Xmax=3.79907635738086E19
Ymin=-2.97511251944628E19
Ymax=2.97798358711256E19
Zmin=-1.93991579487453E19
Zmax=1.94819472552693E19
