[Settings]
Attractor Type=7
A0=-0.310954244341701
A1=0.913046562112868
A2=0.715616760309786
A3=0.667177487164736
A4=0.247924332041293
A5=-0.586652734316885
A6=0.783768761437386
A7=0.0267267841845751
A8=0.0673516490496695
A9=-0.742440114729106
A10=-0.0664285928942263
A11=0.386234626173973
A12=-0.248651697766036
A13=-0.720247757621109
A14=0.905188023578376
A15=-0.204361261799932
A16=0.795208385679871
A17=0.684422151185572
A18=-0.138755599502474
A19=-0.731248337775469
A20=0.771412577945739
A21=-0.648937151767313
A22=-0.215344060678035
A23=-0.852603500708938
A24=0.0253068530000746
A25=-0.312443452887237
A26=-0.379404573235661
A27=0.186245776712894
A28=-0.0257031838409603
A29=0.501146118156612
A30=-0.493648566771299
A31=-0.922886559739709
A32=-0.395692334976047
A33=-0.144265106879175
A34=0.93282733624801
A35=0.631449971348047
A36=-0.742740224581212
A37=0.384264594875276
A38=-0.818569031078368
A39=-0.660209370777011
A40=-0.696690087672323
A41=-0.975078607909381
A42=-0.119895106647164
A43=-0.473093181848526
A44=-0.208391934167594
A45=-0.350079921074212
A46=0.0222472990863025
A47=-0.178589420393109
A48=-0.326680087950081
A49=-0.444383620284498
A50=0.292273526545614
A51=0.158562209457159
A52=0.690664899069816
A53=-0.717302621342242
A54=0.0415682154707611
A55=0.0350310001522303
A56=-0.474280042108148
A57=-0.264799925498664
A58=0.75857807835564
A59=-0.765640892088413
A60=0.302738838363439
A61=-0.932891939766705
A62=0.376795298885554
A63=0.741878544911742
A64=0.0377370701171458
A65=0.305276327766478
A66=-0.735618444625288
A67=0.0678312964737415
A68=0.129092548508197
A69=-0.822565802372992
A70=-0.760817330796272
A71=-0.302557436749339
A72=-0.517088254448026
A73=0.114016373641789
A74=-0.547116121742874
A75=-0.113302871584892
A76=-0.633088454138488
A77=0.892572122626007
A78=-0.511944264639169
A79=-0.477431150153279
A80=0.586566707585007
A81=0.893502579070628
A82=0.511840631719679
A83=-0.73354672268033
A84=0.0772729483433068
A85=0.4358761748299
A86=-0.169970054645091
A87=-0.300446605309844
A88=0.506275656167418
A89=-0.837927806191146
A90=0.685281814541668
A91=-0.311031512916088
A92=0.978114225436002
A93=-0.0599975483492017
A94=-0.356770463753492
A95=0.693236133083701
A96=-0.562667982187122
A97=-0.748338899575174
A98=0.41023058956489
A99=-0.773922678083181
A100=-0.13779805181548
A101=-0.46324744168669
A102=-0.573493715841323
A103=0.197094695642591
A104=-0.156782304402441
A105=-0.539852435700595
Rotation=0
Color Palette=kuler phoenix flame.MAP
Background Color=$00323232
Shadows=1
Xmin=-2.81891335306785
Xmax=0.779882983947574
Ymin=0.24640070087287
Ymax=1.41606484455487
Zmin=-0.772622777462068
Zmax=1.52761691148676
