[Settings]
Attractor Type=8
A0=0.729000974912196
A1=-0.928416126407683
A2=-0.238906231243163
A3=0.453436659649014
A4=0.448200220707804
A5=-0.867326284758747
A6=0.83537041535601
A7=0.885753959417343
A8=-0.00155857158824801
A9=0.247075173072517
A10=-0.677035823930055
A11=0.399701995775104
A12=-0.561687850859016
A13=-0.751746653579175
A14=-0.406162733677775
A15=-0.641724560409784
A16=0.648703705985099
A17=-0.629745305515826
A18=0.466171200852841
A19=0.592127958312631
A20=0.981614904943854
A21=0.866725591011345
A22=0.176459567155689
A23=-0.374963916838169
A24=-0.73752862913534
A25=-0.602490996010602
A26=0.187491423916072
A27=-0.91118379868567
A28=0.739710508380085
A29=-0.848430699668825
A30=0.677975324448198
A31=-0.453555326908827
A32=0.0753820878453553
A33=0.174995175562799
A34=-0.942446034867316
A35=-0.557868925854564
A36=-0.0294855437241495
A37=-0.127169291488826
A38=-0.649040541145951
A39=-0.602905437350273
A40=-0.481003626715392
A41=-0.846515459008515
A42=0.795059233438224
A43=0.569793371483684
A44=0.883724472019821
A45=0.1844671824947
A46=0.49254255509004
A47=-0.700642574578524
A48=-0.61123365489766
A49=-0.771793560124934
A50=-0.534002323169261
A51=0.750974083319306
A52=0.62128925556317
A53=0.526690972037613
A54=-0.0438703880645335
A55=0.781977005302906
A56=0.637004472780973
A57=-0.296308030374348
A58=0.307868532370776
A59=-0.252611855044961
A60=-0.137122766580433
A61=-0.346687040291727
A62=0.288118792232126
A63=0.463662866503
A64=-0.209147672634572
A65=0.383617735467851
A66=0.178898576181382
A67=-0.950611812993884
A68=0.0563453086651862
A69=0.784086410887539
A70=-0.510379827115685
A71=-0.138315856456757
A72=-0.00475066853687167
A73=0.785649600438774
A74=-0.367739126551896
A75=0.247058285400271
A76=-0.726792389061302
A77=0.882050723768771
A78=-0.596825505141169
A79=-0.67453670874238
A80=0.680901509243995
A81=0.481286435388029
A82=0.615293528418988
A83=-0.47369228862226
A84=0.689104246441275
A85=-0.944124820642173
A86=-0.275528086815029
A87=0.095169834792614
A88=-0.14274976355955
A89=0.560703868977726
A90=-0.206281565595418
A91=0.289964681491256
A92=-0.310729952063411
A93=0.0872026914730668
A94=-0.36092925304547
A95=0.48531411960721
A96=-0.969559009652585
A97=0.222598037682474
A98=-0.499139976222068
A99=-0.0961298923939466
A100=-0.400996675249189
A101=-0.91700644325465
A102=-0.915883770678192
A103=0.193341061472893
A104=0.746292099822313
A105=0.489029335789382
Rotation=15
Color Palette=colorschemer precolombinas.MAP
Background Color=clBlack
Shadows=1
Xmin=-3.69362329780082
Xmax=5.91564124759151
Ymin=-4.20338287459172
Ymax=1.98630294564522
Zmin=-1.41876854010862
Zmax=3.94154116278262
