[Settings]
Attractor Type=6
A0=0.688403747510165
A1=0.742929210886359
A2=0.398657514248043
A3=0.591339119710028
A4=0.617623371537775
A5=0.0268046595156193
A6=-0.221594225149602
A7=0.149357385002077
A8=0.991208884399384
A9=-0.752249969169497
A10=0.825956041458994
A11=0.989897643215954
A12=-0.348785823676735
A13=-0.948906630277634
A14=-0.556758492719382
A15=-0.500909295864403
A16=0.410617514979094
A17=-0.586652891710401
A18=-0.429070198442787
A19=-0.829197942279279
A20=-0.808616931084543
A21=-0.292484316974878
A22=0.389961075503379
A23=0.989322303794324
A24=-0.187086944002658
A25=-0.979643722996116
A26=0.782851713243872
A27=0.110885706730187
A28=-0.725359483156353
A29=-0.0596573129296303
A30=-0.851486332248896
A31=-0.687233124859631
A32=0.876512713264674
A33=-0.464917683973908
A34=-0.835660578217357
A35=0.178705566562712
A36=0.0211151516996324
A37=-0.263063710182905
A38=0.589302573818713
A39=-0.51059038285166
A40=0.0411862316541374
A41=-0.144407300278544
A42=0.701824048999697
A43=0.786885996349156
A44=-0.10372748086229
A45=0.436342969536781
A46=0.46615393506363
A47=-0.418650013394654
A48=0.082274645101279
A49=0.182811347767711
A50=0.0210189432837069
A51=-0.830537511967123
A52=-0.402366171125323
A53=0.162887524813414
A54=0.584285494405776
A55=0.532645448110998
A56=-0.690090973395854
A57=0.0166123751550913
A58=0.367388429585844
A59=0.284225416369736
A60=-0.433505295310169
A61=-0.615233175456524
A62=0.593275346327573
A63=-0.865844775922596
A64=0.393229238223284
A65=0.276913842186332
A66=0.211616559419781
A67=-0.159936211071908
A68=-0.875356065575033
A69=0.597643557935953
A70=0.405030686873943
A71=0.113384044729173
A72=0.809602681081742
A73=-0.450228495523334
A74=0.480075860861689
A75=0.449308996088803
A76=-0.763917780015618
A77=0.133239984512329
A78=-0.763243436347693
A79=-0.650674101896584
A80=0.918843045365065
A81=0.45847256295383
A82=0.41029608855024
A83=0.905078561045229
A84=0.893740927334875
A85=0.0929316841065884
A86=-0.721075374167413
A87=0.212307780049741
A88=-0.337570939678699
A89=0.159629413858056
A90=0.0314329736866057
A91=0.583619889803231
A92=-0.868799163494259
A93=0.406341306865215
A94=-0.0117581258527935
A95=-0.971166555769742
A96=-0.112276755739003
A97=0.96427339874208
A98=-0.730263025965542
A99=0.971654021181166
A100=0.659410891588777
A101=-0.985067676752806
A102=-0.994380589108914
A103=-0.328572847880423
A104=-0.702809345442802
A105=-0.916051445528865
Rotation=0
Color Palette=kuler day into night.MAP
Background Color=$00323232
Shadows=1
Xmin=-0.924137451761891
Xmax=1.50938052154259
Ymin=-0.508395904169463
Ymax=2.01716844270208
Zmin=-0.0799353771785296
Zmax=1.64141254294383
