[Settings]
Attractor Type=5
A0=1.65792021667585
A1=1.0916235409677
A2=0.22386096091941
A3=1.0068747093901
A4=1.54718997655436
A5=0.95556534267962
A6=1.93426935607567
A7=1.02608549315482
A8=0.547447310294956
A9=0.319665960967541
A10=1.77782657044008
A11=1.40406405460089
A12=0.462911940645427
A13=1.14789510332048
A14=1.78873661020771
A15=0.883607768453658
A16=1.36645745998248
A17=1.09905432537198
A18=0.233175222296268
A19=0.156435213051736
A20=1.02087597874925
A21=0.00810027308762074
A22=0.890906105283648
A23=0.646267225034535
A24=0.66928339889273
A25=0.213171049952507
A26=1.56541274534538
A27=1.43448607902974
A28=1.53841531230137
A29=0.447065709158778
A30=0.416295877192169
A31=1.29712279234082
A32=0.898563524242491
A33=1.5119268707931
A34=1.20768657000735
A35=1.32192255463451
A36=1.02390320179984
A37=0.455876464024186
A38=1.06642493838444
A39=0.0742382826283574
A40=0.896960647311062
A41=0.470354594290257
A42=0.8437544782646
A43=1.78050229977816
A44=1.00097169680521
A45=0.226911535486579
A46=0.674282027874142
A47=0.498026140965521
A48=0.0438807434402406
A49=0.872202847152948
A50=1.82595335366204
A51=1.7398784821853
A52=0.957730385940522
A53=1.39993761666119
A54=0.434794361237437
A55=1.52359119523317
A56=0.0171917020343244
A57=1.61852982640266
A58=1.21816793130711
A59=1.31244352739304
A60=1.42098514689133
A61=0.433202845975757
A62=1.760296380613
A63=1.81807440612465
A64=0.17994207656011
A65=1.66129704937339
A66=0.463799547869712
A67=1.13317286875099
A68=0.655456896405667
A69=0.0995305571705103
A70=1.760998504702
A71=1.16299661714584
A72=0.592079834546894
A73=1.06196310371161
A74=0.67873489158228
A75=0.824468697421253
A76=0.988000340294093
A77=1.10741302929819
A78=1.35045587876812
A79=0.98160230461508
A80=0.647171107586473
A81=0.175077397376299
A82=0.569314752239734
A83=0.586003712378442
A84=0.75682272342965
A85=1.84710523672402
A86=1.97603712463751
A87=1.99120332766324
A88=1.33411894133314
A89=0.956873908638954
A90=0.975302771199495
A91=1.90956487040967
A92=1.88570257974789
A93=0.261718599125743
A94=0.974393090698868
A95=0.980522678233683
A96=1.12388204550371
A97=0.398864936083555
A98=0.0378541913814843
A99=1.41889713611454
A100=1.08320848224685
A101=1.84331473149359
A102=1.55192560190335
A103=0.712038231082261
A104=1.48119354387745
A105=0.0864348486065865
Rotation=0
Color Palette=kuler peacock.MAP
Background Color=$00323232
Shadows=1
Xmin=-0.942165758441326
Xmax=3.24582955122072
Ymin=-0.757129517846158
Ymax=1.66929026468929
Zmin=-0.783925100288238
Zmax=2.75314880816048
