[Settings]
Attractor Type=8
A0=-0.865664886776358
A1=-0.900836583226919
A2=-0.884550194721669
A3=0.367078757844865
A4=0.0235718521289527
A5=-0.46540461294353
A6=0.916585410479456
A7=-0.118692572228611
A8=0.0808277963660657
A9=-0.0317650437355042
A10=0.405566871631891
A11=0.850054684095085
A12=-0.856626794207841
A13=-0.626945482566953
A14=0.880361622665077
A15=-0.571314959786832
A16=-0.184332633856684
A17=-0.590465907007456
A18=-0.665712255518883
A19=-0.461621255613863
A20=-0.0234392625279725
A21=0.336672076955438
A22=0.886067675892264
A23=-0.608599665574729
A24=-0.71936227241531
A25=0.89369910210371
A26=-0.936602450441569
A27=-0.71605468261987
A28=-0.00254990952089429
A29=-0.128754967823625
A30=0.533782152924687
A31=-0.374685025773942
A32=-0.967609050218016
A33=-0.409290920943022
A34=-0.623614485841244
A35=0.672169289551675
A36=0.47295944718644
A37=0.0105830449610949
A38=0.488647113088518
A39=-0.063391993753612
A40=0.504166015889496
A41=0.678477689623833
A42=0.221413717139512
A43=-0.263170194812119
A44=-0.963171720970422
A45=0.24760222248733
A46=0.836336842272431
A47=-0.140880390070379
A48=0.892507573124021
A49=-0.223553080111742
A50=-0.120714161079377
A51=0.799914016388357
A52=-0.111163903493434
A53=0.530418867245317
A54=0.0635266029275954
A55=-0.443305152468383
A56=-0.331015317235142
A57=-0.495819173753262
A58=-0.24358408851549
A59=0.436460833065212
A60=-0.380978800822049
A61=0.383443227037787
A62=0.663361384067684
A63=-0.149472585879266
A64=0.716909570153803
A65=0.164959285408258
A66=-0.197202931623906
A67=0.564404672943056
A68=0.656899425666779
A69=0.153473244979978
A70=-0.63407534873113
A71=-0.628496612422168
A72=0.093056374695152
A73=0.554371744394302
A74=0.554970294702798
A75=0.659419211558998
A76=0.345682903658599
A77=0.380788309499621
A78=-0.00629290333017707
A79=0.83754497859627
A80=-0.585620100144297
A81=0.893910970538855
A82=-0.196006822865456
A83=-0.905238867737353
A84=-0.358501200098544
A85=-0.704756995663047
A86=0.942075388971716
A87=0.455954280681908
A88=0.869734363164753
A89=-0.1104331985116
A90=-0.111591346096247
A91=-0.393886123783886
A92=-0.562391929794103
A93=0.437360858544707
A94=-0.715259076561779
A95=0.450757020153105
A96=-0.143407853785902
A97=-0.0845801047980785
A98=-0.387786235194653
A99=0.881431392394006
A100=0.51362420944497
A101=0.404428096488118
A102=-0.49577142810449
A103=0.715046306140721
A104=-0.757237455341965
A105=0.322235479950905
Rotation=15
Color Palette=colorschemer passion.MAP
Background Color=clBlack
Shadows=1
Xmin=-0.324988974421465
Xmax=0.281210227826567
Ymin=-1.06760996683353
Ymax=-0.533263623561098
Zmin=0.198880753001451
Zmax=0.544820547676655
