[Settings]
Attractor Type=0
A0=-0.473796761129051
A1=0.0434693722054362
A2=-0.757255488540977
A3=0.900754567235708
A4=0.549041892867535
A5=0.191779133863747
A6=0.140044354368001
A7=-0.885794991627336
A8=-0.833940150681883
A9=0.839766106568277
A10=0.32206529378891
A11=-0.0204127286560833
A12=-0.116822390817106
A13=-0.887344259303063
A14=-0.517719021067023
A15=0.682922349777073
A16=-0.283992533572018
A17=-0.147902341093868
A18=0.198506701737642
A19=-0.257415842730552
A20=-0.190515815746039
A21=-0.100172029808164
A22=-0.698979164008051
A23=0.0415468504652381
A24=0.030127810779959
A25=0.907075338065624
A26=-0.598098539281636
A27=-0.265529370866716
A28=0.112639252562076
A29=0.516909720376134
Color Palette=IFS02.MAP
Background Color=clBlack
