[Settings]
Attractor Type=0
A0=-0.0757701713591814
A1=-0.446082988288254
A2=0.587981150485575
A3=-0.414631257299334
A4=-0.797729898244143
A5=0.409738418180496
A6=0.427610262297094
A7=0.748234074097127
A8=-0.349257504567504
A9=-0.124436554964632
A10=0.137722563929856
A11=0.522090794052929
A12=-0.771700970828533
A13=0.263695158530027
A14=-0.624951769597828
A15=-0.833336003590375
A16=0.613936265930533
A17=-0.629028157796711
A18=0.633056023158133
A19=0.195684207137674
A20=0.108240429311991
A21=-0.140007417183369
A22=0.523081219755113
A23=0.657527032773942
A24=0.411585645750165
A25=0.0251084812916815
A26=-0.0207183314487338
A27=0.0349934338591993
A28=0.498035311698914
A29=0.0369294886477292
A30=-0.143828031606972
A31=0.107980623375624
A32=0.303696585819125
A33=0.259096866939217
A34=0.887485773302615
A35=0.622793590184301
A36=0.44827800616622
A37=0.731071275193244
A38=-0.524883777834475
A39=0.11184724746272
A40=-0.291399767622352
A41=-0.589313519652933
A42=-0.723115506581962
A43=-0.292490793857723
A44=-0.537190087139606
A45=-0.729781306814402
A46=-0.938113515265286
A47=0.293833173345774
A48=0.824046676978469
A49=0.839721529278904
A50=-0.197832382284105
A51=-0.160067024175078
A52=0.682313252240419
A53=-0.708623405080289
A54=0.469475767575204
A55=0.258747208397835
A56=-0.626701293513179
A57=-0.3413903019391
A58=0.505842317827046
A59=-0.365055492613465
A60=-0.807095184922218
A61=0.283722684253007
A62=-0.563258660025895
A63=0.16571944905445
A64=-0.52377444691956
A65=-0.912209102418274
A66=0.595576898194849
A67=0.658229073043913
A68=0.459729712456465
A69=-0.243423733394593
A70=0.428248479031026
A71=0.927420030813664
A72=0.645396644249558
A73=-0.563793984707445
A74=-0.653455453924835
A75=-0.0620036409236491
A76=0.885555125772953
A77=0.0323669989593327
A78=0.599114219658077
A79=0.0342778782360256
A80=0.907175352796912
A81=-0.293234334792942
A82=0.128767081536353
A83=0.101699215825647
A84=0.494364056736231
A85=-0.335396360140294
A86=0.884851104579866
A87=-0.996300545055419
A88=0.0478127468377352
A89=-0.173181062098593
A90=-0.440541292540729
A91=-0.862247592303902
A92=-0.260050922632217
A93=-0.519157200586051
A94=0.216210934333503
A95=0.454287513624877
A96=0.984541339799762
A97=-0.496377849485725
A98=-0.21963024046272
A99=-0.217748636845499
A100=0.439506080001593
A101=-0.749342310708016
A102=0.859028517268598
A103=0.80505984602496
A104=-0.738331159576774
A105=-0.295192403253168
Rotation=0
Color Palette=IFS16.MAP
Background Color=$00323232
Shadows=1
Xmin=-0.783715167688929
Xmax=0.16405821666556
Ymin=-0.603823319431406
Ymax=0.395625996660222
Zmin=0.0422652381013906
Zmax=0.879026679444423
