[Settings]
Attractor Type=0
A0=0.646291095763445
A1=-0.133820857387036
A2=-0.850694843567908
A3=0.8432274046354
A4=-0.996384052559733
A5=-0.743972798343748
A6=-0.746663670055568
A7=0.83069703867659
A8=0.744329825043678
A9=-0.689590498339385
A10=-0.0507657350972295
A11=0.779728263150901
A12=0.585240570828319
A13=-0.266029277350754
A14=-0.136750294826925
A15=-0.163288483861834
A16=-0.166016031056643
A17=0.443307754117996
A18=0.970456941984594
A19=-0.662532527465373
A20=-0.0280905123800039
A21=0.356398405972868
A22=0.916897368617356
A23=0.292964817490429
A24=-0.542330853641033
A25=0.285545744467527
A26=-0.140698839910328
A27=-0.537071355152875
A28=-0.529740491881967
A29=0.527588053140789
A30=0.791137077845633
A31=0.861089480575174
A32=0.810266796499491
A33=0.245124418754131
A34=0.823740399442613
A35=0.0358229312114418
A36=0.678065137937665
A37=0.232505942229182
A38=-0.608731026761234
A39=0.969929957296699
A40=0.547717928886414
A41=-0.839657425414771
A42=-0.151762601919472
A43=-0.0566922281868756
A44=0.855332328006625
A45=-0.107724422123283
A46=-0.571620672009885
A47=-0.797738636378199
A48=0.72061687335372
A49=0.967765611130744
A50=-0.966412098146975
A51=-0.22079435409978
A52=-0.579607775434852
A53=0.844646441284567
A54=0.821684298105538
A55=-0.693491770420223
A56=0.832805030047894
A57=0.995194279123098
A58=0.061764414422214
A59=-0.831777178216726
A60=0.570994919165969
A61=0.449462740216404
A62=0.225873672403395
A63=-0.166536750737578
A64=0.0249646194279194
A65=0.879633430857211
A66=0.785759947262704
A67=-0.284831893164665
A68=0.0304031986743212
A69=-0.1808678410016
A70=-0.316545377485454
A71=-0.601993969175965
A72=-0.616787567734718
A73=0.110260770190507
A74=0.944431769661605
A75=-0.42082840250805
A76=-0.0815137047320604
A77=0.174094608519226
A78=0.402095452882349
A79=-0.434178153518587
A80=0.372693579643965
A81=0.196395602542907
A82=-0.997654841281474
A83=-0.327096570748836
A84=-0.252186363562942
A85=-0.176709023769945
A86=-0.343030649237335
A87=-0.634879617486149
A88=-0.603824757039547
A89=-0.539532415103167
A90=0.114617149345577
A91=-0.513207473326474
A92=-0.455251405015588
A93=-0.230368123855442
A94=0.818098136223853
A95=-0.576645510736853
A96=0.477640423923731
A97=0.455985475797206
A98=-0.783239715732634
A99=0.538245353382081
A100=-0.904457760974765
A101=-0.0595336011610925
A102=0.502696012146771
A103=-0.271061068866402
A104=0.0708816945552826
A105=0.0105058853514493
Rotation=0
Color Palette=IFS19.MAP
Background Color=$00232323
Shadows=1
Xmin=-1.20489232762201
Xmax=1.48058400873024
Ymin=-0.10637141284858
Ymax=0.707535977240378
Zmin=-0.329802995939483
Zmax=0.590606238610106
