[Settings]
Attractor Type=0
A0=-0.495637686317325
A1=-0.47141075583744
A2=-0.971802098753571
A3=0.347130610457897
A4=0.449933066822648
A5=-0.669584072742462
A6=-0.112496410423756
A7=-0.2497259215765
A8=0.703151554987192
A9=0.255680873384476
A10=-0.727688403647661
A11=-0.360311537510633
A12=-0.962330886483192
A13=0.661105396016836
A14=-0.715330281990767
A15=0.255387523472071
A16=-0.321579341211319
A17=-0.103935020510197
A18=0.0144450275988579
A19=0.658110775583744
A20=-0.981565704532743
A21=-0.522107621413708
A22=0.039793028018117
A23=0.0569360564775467
A24=0.128407183536887
A25=0.130900911038876
A26=-0.180655918488979
A27=-0.215025432659149
A28=0.94413950906539
A29=0.837055654255867
Color Palette=kuler halloween.MAP
Background Color=$00323232
Shadows=1
