[Settings]
Attractor Type=0
A0=0.175029183536768
A1=0.669894117616117
A2=0.540905508726835
A3=0.827980361737311
A4=-0.219283009648323
A5=-0.974439583912492
A6=0.794812197476625
A7=0.846667916245759
A8=-1.00696198537946
A9=-0.0476104940548539
A10=-0.50739087882638
A11=-0.22213578452915
A12=0.428775319099426
A13=0.849959603771567
A14=-0.837828001543879
A15=0.0817583844736218
A16=-0.0620010218024254
A17=0.869549771212041
A18=0.0470668725818396
A19=0.977584836401045
A20=0.158422877848148
A21=-0.768216115660965
A22=0.292091350570321
A23=-0.0675278037637472
A24=-0.744175804764032
A25=0.0339982654675841
A26=-0.355016522839665
A27=0.678901009514928
A28=0.178732157349586
A29=-0.919965555556118
A30=0.845927464082837
A31=-0.0172073293849826
A32=0.000580182462930679
A33=-0.0284119181185961
A34=-0.323323216229677
A35=0.111764577683061
A36=-0.17816374823451
A37=-0.0154334562830627
A38=-0.617949732579291
A39=0.398493486922234
A40=-0.32485100440681
A41=-0.22279437398538
A42=-0.885705630294979
A43=-0.401683172676712
A44=-0.165923282504082
A45=0.704883710015565
A46=-0.91219596285373
A47=-0.508929223287851
A48=0.171921400353312
A49=0.504716178867966
A50=-0.658816470764577
A51=0.534913351293653
A52=-0.194843281060457
A53=0.387489375192672
A54=-0.429545597173274
A55=0.92040155408904
A56=-0.26118621788919
A57=-0.860410687979311
A58=0.013699066825211
A59=0.868709148373455
A60=-0.267430000007153
A61=0.32844600873068
A62=-0.146717538125813
A63=0.517735056113452
A64=-0.893708923831582
A65=-0.794756548013538
A66=0.104401865042746
A67=0.239852381404489
A68=-0.296223875135183
A69=0.39864518167451
A70=0.458714819513261
A71=0.735048058908433
A72=-0.26654408685863
A73=-0.0067144981585443
A74=0.051795189268887
A75=0.743203127291054
A76=-0.295205771923065
A77=0.0867763166315854
A78=0.623167338781059
A79=0.719263627659529
A80=0.1791423689574
A81=0.418979591224343
A82=-0.962331562303007
A83=-0.684947873000056
A84=-0.446203235536814
A85=0.167295437771827
A86=0.636888890527189
A87=0.0114698666147888
A88=0.598009714856744
A89=-0.498284173663706
A90=-0.610559108667076
A91=-0.255160464439541
A92=0.959703259170055
A93=0.993393920827657
A94=-0.691194896586239
A95=-0.128861330915242
A96=-0.638363832607865
A97=-0.529520960059017
A98=0.107505463995039
A99=0.311873672064394
A100=-0.294225942343473
A101=-0.585032756906003
A102=0.556362113915384
A103=0.225344467442483
A104=-0.195387361571193
A105=-0.50568245863542
Rotation=0
Color Palette=kuler gold agleam.MAP
Background Color=$00323232
Shadows=1
Xmin=-0.586658517455126
Xmax=1.01936349885411
Ymin=-1.29276720430888
Ymax=0.0727259243898615
Zmin=-0.763257650613491
Zmax=0.497365213855214
