[Settings]
Attractor Type=0
A0=0.335537548176944
A1=0.0200424478389323
A2=-0.597823392599821
A3=0.397733497899026
A4=-0.675009678117931
A5=-0.402549758087844
A6=0.158051608130336
A7=-0.190845588687807
A8=-0.43502710852772
A9=-0.403601316269487
A10=-0.152425669599324
A11=-0.797997809015214
A12=0.231940929312259
A13=-0.463325021788478
A14=-0.151212444994599
A15=-0.919242453761399
A16=-0.0182765810750425
A17=0.627137165516615
A18=-0.228862692136318
A19=0.471909743733704
A20=0.457681661471724
A21=0.517755744513124
A22=-0.683964767493308
A23=-0.494784822221845
A24=-0.209864810109138
A25=0.950192570220679
A26=0.926750735379756
A27=-0.654982659500092
A28=0.6019591037184
A29=-0.625668375287205
Color Palette=kuler halloween.MAP
Background Color=$00323232
Shadows=1
