[Settings]
Attractor Type=0
A0=0.592603463679552
A1=-0.833730023819953
A2=-0.179269473068416
A3=0.806278363335878
A4=-0.544371934607625
A5=-0.829878518823534
A6=0.455845638178289
A7=-0.639631269033998
A8=0.68937236815691
A9=0.0399060766212642
A10=-0.39597239671275
A11=0.217156441882253
A12=-0.9788773865439
A13=-0.0770976962521672
A14=-0.0611254959367216
A15=-0.0656776316463947
A16=0.487982730846852
A17=-0.304278838448226
A18=-0.621917150449008
A19=-0.0797288212925196
A20=0.307480565272272
A21=0.00286785745993257
A22=0.401230648159981
A23=-0.692812890280038
A24=-0.409899844788015
A25=-0.201057377737015
A26=-0.720155334100127
A27=0.169444622006267
A28=0.429591665975749
A29=-0.709231035318226
Color Palette=kuler fire and ice.MAP
Background Color=$00323232
Shadows=1
Xmin=-2.37137776611073
Xmax=2.0238859937553
Ymin=-1.0655747030546
Ymax=0.861978387321111
Zmin=-1.97738339058499
Zmax=0.892049332230534
Rotation=90
