[Settings]
Attractor Type=0
A0=0.466718325857073
A1=0.619019910693169
A2=0.80968403769657
A3=0.100855068303645
A4=-0.558078739326447
A5=0.0727372113615274
A6=-0.929894177708775
A7=-0.00738110113888979
A8=-0.814927266445011
A9=-0.376981403678656
A10=-0.190614054910839
A11=-0.273140802513808
A12=0.453677890822291
A13=-0.174205760005862
A14=0.189263000153005
A15=0.79660269850865
A16=0.195333398878574
A17=0.0931709031574428
A18=-0.870993963442743
A19=0.833327997941524
A20=-0.219834914896637
A21=0.277729081921279
A22=0.575699558947235
A23=-0.934072870761156
A24=0.716440390329808
A25=0.32949720043689
A26=-0.360086850356311
A27=0.220988621935248
A28=0.45891205733642
A29=0.418231195770204
Color Palette=IFS22.MAP
Background Color=clBlack