[Settings]
Attractor Type=0
A0=-0.456514729186892
A1=-0.0521689117886126
A2=0.665193947963417
A3=0.832492506597191
A4=-0.389992866665125
A5=0.893509383779019
A6=-0.293943437747657
A7=-0.00139404041692615
A8=0.388537740334868
A9=0.0679113543592393
A10=0.227361733559519
A11=0.500364452600479
A12=-0.860550836194307
A13=0.393044293858111
A14=0.331007194239646
A15=-0.378053685650229
A16=0.201544599141926
A17=-0.93054607976228
A18=-0.165185214485973
A19=-0.00430242344737053
A20=0.485573564656079
A21=-0.104470461141318
A22=-0.575917499139905
A23=0.249737804289907
A24=-0.28750276658684
A25=-0.841156107839197
A26=-0.794887878000736
A27=-0.433924131561071
A28=0.422073596157134
A29=-0.617989625316113
Color Palette=kuler hsb nature 13.MAP
Background Color=$00323232
Shadows=1
