[Settings]
Attractor Type=0
A0=0.514199461787939
A1=-0.357718114275485
A2=0.269049969501793
A3=-0.948385126423091
A4=-0.7562220338732
A5=-0.511313351336867
A6=-0.737248965539038
A7=-0.517461677547544
A8=0.40526582300663
A9=-0.0975346867926419
A10=0.506631922442466
A11=0.323694566264749
A12=0.377229408826679
A13=-0.450779830105603
A14=0.576225875411183
A15=-0.6241808347404
A16=-0.713932853657752
A17=-0.28781412076205
A18=0.776832655537874
A19=-0.708178671076894
A20=-0.761063695885241
A21=0.332013862673193
A22=0.262125037610531
A23=-0.0864844848401844
A24=0.830178850330412
A25=0.538843904156238
A26=-0.779133586212993
A27=-0.11858548829332
A28=0.715065854601562
A29=-0.143647947814316
Color Palette=kuler jaguar.MAP
Background Color=$00323232
Shadows=1
