[Settings]
Attractor Type=2
A0=0.642996661830693
A1=-0.145482216961682
A2=-0.06805305974558
A3=-0.454348111525178
A4=-0.115820528473705
A5=0.112866752780974
A6=0.366725770290941
A7=-0.160987179726362
A8=-0.0301975863985717
A9=-0.257505246438086
A10=-0.940458398777992
A11=0.712017985060811
A12=0.807192663196474
A13=-0.570059995166957
A14=0.692597249057144
A15=-0.676759943366051
A16=0.42700655804947
A17=0.0174490390345454
A18=0.421949594747275
A19=-0.322915466502309
A20=-0.528122940566391
A21=-0.678785993717611
A22=-0.156303892377764
A23=-0.170277643948793
A24=0.101076838094741
A25=-0.970311895944178
A26=-0.639448006171733
A27=-0.903024351224303
A28=0.904946985188872
A29=-0.349270868115127
A30=0.792567969765514
A31=0.482906587421894
A32=-0.0771586517803371
A33=-0.0236788289621472
A34=0.575738660525531
A35=0.0478593911975622
A36=0.358336491975933
A37=0.0336243892088532
A38=0.392251623328775
A39=-0.565294560045004
A40=0.0854572844691575
A41=0.991102970205247
A42=0.576126995962113
A43=0.272041516378522
A44=0.539668107870966
A45=-0.0115188313648105
A46=0.137997770216316
A47=-0.326908826828003
A48=-0.912620305549353
A49=0.359277489595115
A50=-0.247219309676439
A51=0.54905922524631
A52=-0.532278412487358
A53=0.214666993357241
A54=0.553987776394933
A55=0.955689366906881
A56=-0.599669772665948
A57=0.857421725057065
A58=0.0784284728579223
A59=-0.808225085958838
A60=0.952902662102133
A61=0.994679269380867
A62=-0.794947578106076
A63=-0.131627328693867
A64=-0.237734116148204
A65=-0.781710569746792
A66=0.431682861875743
A67=0.66746992431581
A68=-0.297288210596889
A69=-0.278510964475572
A70=0.333390650805086
A71=0.00885455682873726
A72=0.0953477662988007
A73=0.720654866658151
A74=-0.453741085249931
A75=0.343938292935491
A76=-0.947787096258253
A77=-0.449115286581218
A78=0.120288321282715
A79=0.295283064246178
A80=-0.951090171467513
A81=0.904156553559005
A82=0.585192977916449
A83=-0.639419497922063
A84=-0.680497833993286
A85=-0.821184142492712
A86=-0.427163044456393
A87=-0.600165445357561
A88=0.167427625972778
A89=0.409141018055379
A90=-0.659938563127071
A91=-0.375502770766616
A92=0.786176713649184
A93=-0.256263094954193
A94=-0.964347510132939
A95=0.307307459414005
A96=0.683487065602094
A97=0.941506545059383
A98=0.0551994661800563
A99=0.931583097204566
A100=-0.697196589317173
A101=0.853950926102698
A102=0.327594024594873
A103=0.998716030269861
A104=0.935753155965358
A105=0.362546927295625
Rotation=0
Color Palette=kuler orange tweak.MAP
Background Color=$00333333
Shadows=1
Xmin=-0.11123997988121
Xmax=0.82286961730558
Ymin=-0.110320418044431
Ymax=0.957625580649743
Zmin=-0.46610137070183
Zmax=0.438131748298399
