[Settings]
Attractor Type=2
A0=0.0502773714251816
A1=-0.753316266462207
A2=-0.827806627843529
A3=-0.938965138979256
A4=0.788284128997475
A5=0.574896212667227
A6=-0.222070787567645
A7=-0.299600842408836
A8=-0.319317914079875
A9=0.835767155513167
A10=0.842041132505983
A11=-0.823462166823447
A12=0.54667795682326
A13=-0.822305515408516
A14=0.859093665610999
A15=-0.0869551142677665
A16=0.213939454872161
A17=0.361388439312577
A18=0.198628456797451
A19=0.697840790264308
A20=0.0743814245797694
A21=-0.391861822456121
A22=0.0134894582442939
A23=-0.401178087107837
A24=0.41534259961918
A25=0.371906502172351
A26=0.62666374957189
A27=-0.306036950089037
A28=0.557402985636145
A29=-0.0584972873330116
A30=0.677887983154505
A31=-0.227876908145845
A32=0.330091868061572
A33=0.279083581641316
A34=0.811270454432815
A35=-0.390668177045882
A36=-0.258568560238928
A37=0.725599944591522
A38=0.0154127622954547
A39=0.360631556250155
A40=0.45284638972953
A41=-0.937979688867927
A42=0.888864265289158
A43=0.524420733563602
A44=-0.137015433516353
A45=0.212934602051973
A46=0.99162833718583
A47=0.080033709295094
A48=-0.373566761147231
A49=-0.774127485230565
A50=-0.219946125987917
A51=-0.0368276694789529
A52=0.717153760138899
A53=-0.250188194215298
A54=-0.147565342951566
A55=0.969836601056159
A56=0.294814575929195
A57=0.701804267242551
A58=-0.847743576858193
A59=0.537208470515907
A60=-0.80973514309153
A61=0.326179828494787
A62=-0.756290439981967
A63=0.557738748379052
A64=0.541398756671697
A65=0.0525787826627493
A66=0.440717426594347
A67=-0.117312856949866
A68=0.610660294536501
A69=-0.940937861800194
A70=0.825413349550217
A71=0.0775590585544705
A72=0.445077360142022
A73=-0.431054340675473
A74=-0.812930131796747
A75=0.339912205003202
A76=0.855338143650442
A77=0.000993900001049042
A78=0.720090843271464
A79=-0.445713973604143
A80=0.107386176008731
A81=-0.661941645666957
A82=0.237651953008026
A83=0.0566051481291652
A84=0.812405100557953
A85=0.0537780337035656
A86=0.905078839045018
A87=-0.931272882036865
A88=0.721631356049329
A89=0.933078875765204
A90=0.384500426705927
A91=0.155107445083559
A92=0.684484059456736
A93=0.213409096002579
A94=0.364267870318145
A95=-0.224832235835493
A96=-0.430414486210793
A97=-0.912697335705161
A98=-0.74561087647453
A99=-0.412382875569165
A100=0.179922340903431
A101=-0.527479093521833
A102=0.32922913460061
A103=-0.337023596279323
A104=0.693397239316255
Color Palette=kuler phoenix flame.MAP
Background Color=$00333333
Shadows=1
