[Settings]
Attractor Type=2
A0=0.588769650552422
A1=0.322928548790514
A2=-0.295848245266825
A3=0.219540264457464
A4=-0.371510255616158
A5=-0.738505543209612
A6=-0.991082136053592
A7=-0.636399468407035
A8=0.252674060408026
A9=-0.0844971863552928
A10=-0.987247093115002
A11=0.393538914620876
A12=-0.834833807777613
A13=0.836886431090534
A14=-0.861104839015752
A15=-0.756582105532289
A16=-0.374365986790508
A17=-0.229237980209291
A18=0.846814898308367
A19=0.380022425204515
A20=-0.684829737525433
A21=-0.641566880978644
A22=0.0222290339879692
A23=0.127933176234365
A24=-0.163341244217008
A25=-0.985778848640621
A26=0.236256399657577
A27=0.340302899479866
A28=-0.0563437785021961
A29=-0.555125397630036
A30=-0.782536358106881
A31=0.134085921570659
A32=-0.908460238482803
A33=0.780306325294077
A34=-0.619448254350573
A35=-0.0915292389690876
A36=0.40466993721202
A37=-0.215591029264033
A38=-0.244566817302257
A39=0.365265870466828
A40=0.65331948036328
A41=0.114698541350663
A42=-0.839550314936787
A43=-0.250011496245861
A44=-0.665882370900363
A45=0.0995360715314746
A46=0.96348064346239
A47=-0.967593291774392
A48=-0.552239911165088
A49=-0.998322567902505
A50=0.274692130740732
A51=-0.75471555814147
A52=-0.932265381794423
A53=-0.763098740018904
A54=0.914676550310105
A55=-0.299920184537768
A56=-0.706187759991735
A57=0.516465012915432
A58=0.00173290958628058
A59=0.29834645986557
A60=0.684054077137262
A61=0.38213914912194
A62=0.502037718426436
A63=-0.342411981895566
A64=0.759083813522011
A65=0.102569431997836
A66=0.586456512566656
A67=-0.729684237390757
A68=-0.327624219935387
A69=-0.600282640196383
A70=-0.86225399794057
A71=0.415059337392449
A72=-0.359691334422678
A73=-0.0258712796494365
A74=-0.748103155288845
A75=-0.961919374763966
A76=0.225734852720052
A77=0.297780270688236
A78=0.0773670445196331
A79=0.324540739879012
A80=0.0688153789378703
A81=0.643254541791975
A82=-0.164044024888426
A83=-0.822129856795073
A84=0.158870522398502
A85=-0.182007231749594
A86=-0.630930971819907
A87=-0.673908112570643
A88=0.240996012929827
A89=-0.427624057047069
A90=0.0531228869222105
A91=0.273847982287407
A92=0.451194867957383
A93=-0.849616003222764
A94=0.427841424476355
A95=-0.181121112778783
A96=0.773774853441864
A97=0.951583103276789
A98=0.381192227359861
A99=0.351706128567457
A100=-0.585238430183381
A101=0.773191108368337
A102=0.234713743906468
A103=-0.342731958255172
A104=-0.314922837074846
A105=0.60097108501941
Rotation=0
Color Palette=kuler passing shower.MAP
Background Color=$00333333
Shadows=1
Xmin=-0.31262690879088
Xmax=1.02613582531212
Ymin=-0.660303302478911
Ymax=0.567919822111395
Zmin=-0.988250207540893
Zmax=0.254534446096999
