[Settings]
Attractor Type=4
A0=0.882852196227759
A1=-0.684643669985235
A2=-0.810240361373872
A3=0.325117463245988
A4=0.565513284411281
A5=-0.721951265819371
A6=0.175935937557369
A7=0.372642729431391
A8=0.97536215512082
A9=0.808372889645398
A10=-0.832801907788962
A11=0.22676788084209
A12=-0.775063330773264
A13=-0.821848751045763
A14=-0.784916860517114
A15=-0.954068876802921
A16=-0.842413239646703
A17=-0.872097141109407
A18=-0.393360103946179
A19=0.482230635359883
A20=0.160096505191177
A21=-0.180397850461304
A22=0.834277591202408
A23=0.28750367090106
A24=0.797571818809956
A25=0.572640848346055
A26=-0.533994875382632
A27=-0.531766215339303
A28=0.0518437749706209
A29=-0.96075698081404
A30=-0.0526890507899225
A31=-0.104463815689087
A32=-0.555362448561937
A33=-0.0244167735800147
A34=0.86593357892707
B0=0.505431769415736
B1=0.762436290737242
B2=0.570422663353384
B3=0.429475637618452
B4=0.668830670416355
B5=-0.797184803057462
B6=-0.979788294993341
B7=0.817654718179256
B8=-0.57415939681232
B9=-0.590882247779518
B10=-0.190208402462304
B11=-0.497220241930336
B12=-0.531454596668482
B13=0.414772625546902
B14=-0.0136016933247447
B15=-0.529110557865351
B16=0.744651770219207
B17=0.792003957089037
B18=0.188889197073877
B19=-0.0658651790581644
B20=0.645599618554115
B21=-0.959374696481973
B22=0.621986196376383
B23=0.986174818594009
B24=0.306000554934144
B25=-0.107150791678578
B26=0.532472084276378
B27=0.00171236554160714
B28=0.920654479414225
B29=0.815362397115678
B30=0.343589906580746
B31=0.311421156395227
B32=0.48539431206882
B33=-0.510083402041346
B34=0.103895514272153
C0=-0.360965618398041
C1=0.944816093891859
C2=0.2070775735192
C3=0.223720294423401
C4=-0.635300687979907
C5=0.0566856767982244
C6=-0.0256113582290709
C7=-0.604104929603636
C8=0.503029996994883
C9=0.66824796795845
C10=-0.0812881742604077
C11=-0.346217690967023
C12=0.661418270785362
C13=-0.181771656498313
C14=0.723980860318989
C15=0.396813715808094
C16=-0.266817213501781
C17=-0.784107964485884
C18=-0.897451024968177
C19=0.944045324809849
C20=-0.5368792260997
C21=-0.689986141398549
C22=-0.708595285657793
C23=0.93613503780216
C24=-0.430299577768892
C25=0.937926061451435
C26=0.0581533829681575
C27=-0.541976711712778
C28=-0.0448561119847
C29=-0.0391056966036558
C30=0.998014116194099
C31=-0.461433169431984
C32=-0.965349072124809
C33=0.792071755975485
C34=0.403082575183362
Rotation=45
Color Palette=IFS17.MAP
Background Color=$00323232
Shadows=1
Xmin=-1.81934165538614
Xmax=1.81997355505337
Ymin=-1.68899243341949
Ymax=1.68899243341949
Zmin=-1.6832676009681
Zmax=1.6832676009681
