[Settings]
Attractor Type=4
A0=0.1670279991813
A1=0.709622310474515
A2=-0.665471083018929
A3=-0.739093569107354
A4=0.169538712594658
A5=-0.823487136512995
A6=-0.764526788610965
A7=0.357479837723076
A8=0.232118420768529
A9=0.590473806485534
A10=0.98222186928615
A11=-0.0384494150057435
A12=-0.61789627885446
A13=-0.50886158645153
A14=-0.151241630781442
A15=-0.700919165275991
A16=0.618182834703475
A17=0.391780400648713
A18=0.150058926548809
A19=-0.287687649019063
A20=0.497431738767773
A21=0.533830527216196
A22=0.431667688768357
A23=0.731665913946927
A24=-0.00225907517597079
A25=0.0652213227003813
A26=0.637787555810064
A27=-0.537906141020358
A28=-0.313117218669504
A29=0.548809938132763
A30=0.539136625360698
A31=-0.559864259324968
A32=0.729469601530582
A33=-0.792870877310634
A34=-0.798179736826569
B0=0.383423096500337
B1=-0.182858829852194
B2=-0.241866618394852
B3=-0.659515277016908
B4=-0.175081609748304
B5=-0.318580854218453
B6=0.5046780500561
B7=-0.239764316473156
B8=0.871354605071247
B9=-0.675707520451397
B10=0.979420561343431
B11=0.833226520102471
B12=0.667715509422123
B13=-0.0184748019091785
B14=0.251985339447856
B15=-0.347353050950915
B16=0.129805489443243
B17=0.0148960375227034
B18=-0.176477007567883
B19=-0.786602803040296
B20=-0.995569786988199
B21=-0.690218548756093
B22=-0.300413710996509
B23=0.396585070993751
B24=-0.693469581194222
B25=0.791879242751747
B26=0.355584260076284
B27=0.526288654189557
B28=0.289518830366433
B29=-0.405677176546305
B30=-0.998935574665666
B31=-0.720165374223143
B32=0.605070195160806
B33=0.906436095479876
B34=-0.95092685520649
C0=-0.446189608890563
C1=0.542441939003766
C2=-0.131726890336722
C3=0.354126019403338
C4=-0.295176381710917
C5=0.366473495028913
C6=0.4995655589737
C7=-0.681058920919895
C8=-0.690228812862188
C9=-0.419051117263734
C10=0.423977349419147
C11=-0.340028611943126
C12=0.635075846221298
C13=-0.447323483414948
C14=0.988165757153183
C15=0.160060059279203
C16=0.37157593248412
C17=-0.432399141602218
C18=-0.17076852126047
C19=-0.28783474303782
C20=0.560428691562265
C21=-0.0562825435772538
C22=-0.135901486035436
C23=-0.633154451847076
C24=-0.596220776904374
C25=0.739691109396517
C26=-0.258215326350182
C27=-0.758926620706916
C28=-0.2585549489595
C29=0.715427155606449
C30=-0.210187287535518
C31=0.194626677781343
C32=-0.525133681017905
C33=-0.299154113046825
C34=-0.013987913262099
Rotation=0
Color Palette=kuler fire and ice.MAP
Background Color=$00323232
Shadows=1
Xmin=-2.07386510269668
Xmax=2.07386510269668
Ymin=-1.41274333511657
Ymax=1.3986831907938
Zmin=-1.40793504769912
Zmax=1.40793504769912
