[Settings]
Attractor Type=25
A0=-0.898424330633134
A1=0.419938608072698
A2=-0.686913747806102
A3=-0.821444367989898
A4=-0.530109641607851
A5=0.0731632830575108
A6=0.955825151409954
A7=-0.132875375449657
A8=-0.753907821606845
A9=0.415878544561565
A10=0.952541641425341
A11=0.139454862102866
A12=0.416716678533703
A13=-0.859960517846048
A14=0.0593978888355196
A15=0.758290771394968
A16=-0.794846038799733
A17=0.910936451517046
A18=0.844544890802354
A19=0.272883431985974
A20=0.400139892939478
A21=-0.615348870866001
A22=-0.349597251508385
A23=0.205391943454742
A24=0.162762940395623
A25=-0.381909308023751
A26=0.518831565510482
A27=0.0517379175871611
A28=-0.0942633687518537
A29=-0.159649877808988
A30=-0.0770570286549628
A31=0.31566309556365
A32=0.338687640149146
A33=0.0541526367887855
A34=-0.350697730202228
A35=0.294740090146661
A36=-0.726790500339121
A37=-0.563881757669151
A38=-0.325728787574917
A39=-0.162913747131824
A40=-0.718568063806742
A41=-0.995389585383236
A42=-0.621758603025228
A43=0.787530666217208
A44=-0.198144169058651
A45=0.523910903371871
A46=-0.058491709176451
A47=0.341984260827303
A48=0.786203805822879
A49=-0.886527338065207
A50=-0.734464120585471
A51=-0.971236942335963
A52=-0.518963565584272
A53=-0.468999098055065
A54=-0.736638060305268
A55=0.535614535212517
A56=0.437884077895433
A57=0.598112273029983
A58=-0.137106061447412
A59=-0.898802878335118
A60=-0.654355654027313
A61=0.737322167493403
A62=0.56684555625543
A63=0.689762812107801
A64=-0.22100481716916
A65=0.0891101500019431
A66=0.913063834886998
A67=0.667792910709977
A68=0.456573578063399
A69=-0.822186487726867
A70=-0.321003048215061
A71=-0.798663102090359
A72=-0.897330097388476
A73=0.595098952762783
A74=-0.825947382021695
A75=0.0928044226020575
A76=-0.493812130298465
A77=0.669762381352484
A78=-0.536402898374945
A79=-0.724039580672979
A80=0.870620120782405
A81=0.592606849037111
A82=-0.131655123550445
A83=-0.312126649543643
A84=-0.951210563536733
A85=0.965148602612317
A86=-0.417111104819924
A87=-0.263433426618576
A88=-0.243894427549094
A89=0.240901264362037
A90=-0.242878512013704
A91=-0.91687716729939
A92=0.356087720487267
A93=0.0279881367459893
A94=-0.115704114083201
A95=-0.0430081225931644
A96=-0.688097405713052
A97=0.721832632087171
A98=-0.160521630663425
A99=0.723251203075051
A100=0.897668140474707
A101=-0.563323172740638
A102=-0.587858958635479
A103=0.92056991904974
A104=-0.736727125477046
A105=0.704678143374622
Rotation=0
Color Palette=kuler hsb nature 13.MAP
Background Color=$00323232
Shadows=1
Xmin=-1.17448262138585
Xmax=2.17344986212124
Ymin=-0.504159585113134
Ymax=1.43554879751879
Zmin=-0.705277925234077
Zmax=5.23152944278177
