[Settings]
Attractor Type=18
A0=-0.898078145459294
A1=-0.191808649804443
A2=-0.717826112173498
A3=0.139187654014677
A4=-0.770609218627214
A5=0.054222431499511
A6=0.288183405064046
A7=0.710615168791264
A8=-0.896025126799941
A9=-0.932890144642442
A10=0.316127222962677
A11=-0.513772873673588
A12=-0.746704123914242
A13=0.629005320835859
A14=-0.503021319396794
A15=0.721964440774173
A16=0.462429454550147
A17=-0.307857380714267
A18=-0.773815921507776
A19=0.066445333417505
A20=-0.16859969124198
A21=-0.458686779718846
A22=0.351040608249605
A23=-0.627145018894225
A24=0.209630416706204
A25=-0.158892517443746
A26=-0.218097592703998
A27=-0.370024210307747
A28=0.226090401411057
A29=-0.338328510057181
A30=-0.00403526145964861
A31=0.356108292471617
A32=0.633904023095965
A33=0.0767295123077929
A34=0.40237629506737
A35=0.299632673617452
A36=-0.811844203621149
A37=-0.572377908509225
A38=0.0374296298250556
A39=0.789960916619748
A40=0.775651732459664
A41=0.847109752241522
A42=-0.441420289687812
A43=-0.4173704222776
A44=0.015383206307888
A45=0.136692338157445
A46=-0.993959401734173
A47=-0.457716815639287
A48=0.0484439488500357
A49=0.591193972621113
A50=0.300710254348814
A51=-0.992701741401106
A52=-0.263849835842848
A53=-0.13563635526225
A54=-0.0528265321627259
A55=-0.820202034432441
A56=-0.0148862283676863
A57=0.469241420272738
A58=-0.0894670886918902
A59=0.38480738690123
A60=0.418018773198128
A61=0.00704027758911252
A62=-0.864181679673493
A63=-0.457700580824167
A64=0.108850745484233
A65=-0.281706431414932
A66=0.678723798133433
A67=-0.304118702653795
A68=0.601329457014799
A69=0.450018104631454
A70=-0.0835767546668649
A71=0.941871743183583
A72=-0.0707053896039724
A73=-0.367357132490724
A74=-0.192786085419357
A75=0.602518738713115
A76=0.857794709503651
A77=-0.639546654652804
A78=-0.332261909730732
A79=0.987107924651355
A80=-0.936370948329568
A81=0.169301493559033
A82=0.4365328932181
A83=-0.415288376156241
A84=-0.525907155126333
A85=-0.394668679218739
A86=-0.107341789640486
A87=-0.967671510297805
A88=-0.517324550077319
A89=-0.821529900189489
A90=-0.201847250573337
A91=0.702163779642433
A92=0.260461747646332
A93=-0.20556479645893
A94=-0.566931781359017
A95=0.251800253521651
A96=-0.118013368919492
A97=0.259006565902382
A98=0.491831631399691
A99=-0.0189903029240668
A100=0.48429262265563
A101=-0.0516852322034538
A102=0.809685735963285
A103=-0.66104492964223
A104=0.177940616384149
A105=-0.761105251964182
Rotation=0
Color Palette=IFS18.MAP
Background Color=$00232323
Shadows=1
Xmin=-4.31531069170414
Xmax=2.74606769784478
Ymin=-4.03298808716471
Ymax=1.19468679393422
Zmin=-3.50938572874686
Zmax=0.601816777990618
