[Settings]
Attractor Type=20
A0=0.845007699914277
A1=-0.252793340478092
A2=0.0160792842507362
A3=0.607351072598249
A4=0.585850994102657
A5=0.027043781708926
A6=-0.333584973588586
A7=-0.019985185470432
A8=0.380266734398901
A9=0.285467011388391
A10=0.544550690799952
A11=0.0722750914283097
A12=0.206899768672884
A13=0.532399806659669
A14=0.783599661663175
A15=-0.532820706721395
A16=0.0683893905952573
A17=-0.28194964537397
A18=-0.680338531732559
A19=-0.72948196483776
A20=-0.879846480675042
A21=-0.748167530167848
A22=0.861426277086139
A23=0.83384761819616
A24=0.660501004196703
A25=-0.17207288229838
A26=-0.607017491012812
A27=0.143528115469962
A28=0.450822054408491
A29=0.901234562974423
A30=0.928577581420541
A31=0.469527082983404
A32=0.334606793709099
A33=0.657467143144459
A34=0.738081775605679
A35=-0.632261104416102
A36=-0.37595805991441
A37=0.821132666897029
A38=0.761905228719115
A39=0.629569707904011
A40=-0.777064389549196
A41=-0.854841562453657
A42=-0.565881948918104
A43=0.272538040298969
A44=-0.0452797496691346
A45=0.925905901473016
A46=0.632523568347096
A47=0.165640989784151
A48=-0.935716311447322
A49=-0.612674078438431
A50=0.974434688687325
A51=-0.616763934027404
A52=-0.637621683068573
A53=-0.721995324362069
A54=-0.823096605017781
A55=-0.118811347987503
A56=-0.0186416050419211
A57=0.524850179906935
A58=-0.299846637994051
A59=-0.410964909475297
A60=0.210995479486883
A61=-0.712830562610179
A62=-0.607034301385283
A63=0.51191139454022
A64=0.383121979422867
A65=0.254886211361736
A66=0.358767814934254
A67=-0.064002416562289
A68=0.273852835409343
A69=0.534649423789233
A70=0.761175414547324
A71=-0.668772356119007
A72=-0.00786467548459768
A73=-0.0324178212322295
A74=-0.212262388318777
A75=0.0450151157565415
A76=0.823376989923418
A77=-0.777578589040786
A78=-0.509364826604724
A79=-0.619255696889013
A80=-0.00309830438345671
A81=-0.492201840970665
A82=0.723081886768341
A83=-0.845222889911383
A84=-0.154016193933785
A85=0.247408464085311
A86=0.890179051086307
A87=-0.674274498131126
A88=0.32921049091965
A89=-0.438175106886774
A90=-0.267026904970407
A91=-0.210260409396142
A92=0.381922154687345
A93=0.90069868741557
A94=-0.13553368113935
A95=-0.0644386536441743
A96=0.0664809914305806
A97=-0.33089746395126
A98=-0.723669238388538
A99=0.0530939330346882
A100=-0.00988233555108309
A101=0.191763974260539
A102=-0.464924806728959
A103=-0.810763330664486
A104=0.959106110967696
A105=-0.141060593072325
Rotation=0
Color Palette=IFS22.MAP
Background Color=$00232323
Shadows=1
Xmin=-10.7270213498982
Xmax=11.9487019854297
Ymin=-9.810735682753
Ymax=8.3147362653675
Zmin=-7.98415879125448
Zmax=-0.941637556354549
