[Settings]
Attractor Type=14
A0=-0.843683124519885
A1=0.978452320676297
A2=-0.99911536835134
A3=-0.0503463572822511
A4=0.765696135349572
A5=-0.847303433809429
A6=0.850642465054989
A7=-0.199889786075801
A8=-0.428762112744153
A9=-0.328690819907933
A10=-0.478728318586946
A11=-0.343678595032543
A12=-0.0562087362632155
A13=-0.127577456180006
A14=0.622867781668901
A15=-0.334067310672253
A16=0.607423475943506
A17=0.805571931879967
A18=0.049103232100606
A19=0.0272868671454489
A20=-0.296249131672084
A21=0.428350785281509
A22=-0.664496168494225
A23=0.655805901158601
A24=-0.5011519016698
A25=-0.984043390024453
A26=0.0821782033890486
A27=0.172638377640396
A28=-0.298514558933675
A29=-0.372622499708086
A30=-0.340249586850405
A31=-0.690677407663316
A32=0.861444219015539
A33=0.971969287376851
A34=0.917245710268617
A35=0.322215261403471
A36=-0.183339643292129
A37=0.520173312630504
A38=-0.889320604503155
A39=0.510435857344419
A40=-0.342053939588368
A41=0.202124826144427
A42=-0.228901186957955
A43=0.431076569948345
A44=-0.819960377179086
A45=-0.462097989860922
A46=-0.26917153224349
A47=-0.0945721077732742
A48=-0.712266647256911
A49=-0.456834372598678
A50=0.0266682673245668
A51=-0.590030168648809
A52=0.325829629786313
A53=-0.746060705278069
A54=-0.101205110549927
A55=0.945878744591027
A56=0.801675084047019
A57=-0.785719618666917
A58=-0.395883725956082
A59=0.980799800250679
A60=0.469022900797427
A61=0.770591532345861
A62=0.26282924041152
A63=0.556635063607246
A64=-0.758026749826968
A65=0.516322817187756
A66=-0.543069770559669
A67=0.157097207847983
A68=-0.0922581581398845
A69=-0.269185496959835
A70=-0.200570829212666
A71=-0.571221149992198
A72=-0.892993395216763
A73=-0.843969546724111
A74=0.193016475066543
A75=0.349487511906773
A76=-0.449417508207262
A77=-0.0450678491033614
A78=-0.00306684896349907
A79=0.937596206087619
A80=0.941174409352243
A81=0.195243346970528
A82=0.820794047787786
A83=-0.903840353246778
A84=-0.431041727773845
A85=0.70235533406958
A86=-0.835885778069496
A87=0.685546085704118
A88=-0.95025981683284
A89=0.625122844707221
A90=-0.379711570218205
A91=0.418334773276001
A92=-0.825556262396276
A93=-0.441699425224215
A94=0.863773744553328
A95=0.670229044277221
A96=0.338675453327596
A97=-0.434629668015987
A98=-0.860774701461196
A99=-0.199264971073717
A100=-0.478881674818695
A101=0.945508809294552
A102=0.471335150301456
A103=0.0773559887893498
A104=0.279503504745662
A105=0.0884459833614528
Rotation=0
Color Palette=kuler drholwegneu.MAP
Background Color=$00323232
Shadows=1
Xmin=-4.16326041426532
Xmax=2.264006254634
Ymin=-0.816829482936827
Ymax=3.19131679011249
Zmin=-3.10872764143477
Zmax=1.34868669047014
