[Settings]
Attractor Type=18
A0=-0.638025711290538
A1=0.0459144203923643
A2=-0.663195326924324
A3=0.635973439086229
A4=-0.700747561641037
A5=-0.327938437927514
A6=0.414369223639369
A7=0.998174777720124
A8=-0.816676064394414
A9=-0.536397556308657
A10=-0.742712516337633
A11=0.785319712478667
A12=0.714238657616079
A13=-0.243764330167323
A14=0.221298569813371
A15=0.662334295455366
A16=-0.852220791392028
A17=-0.0153640196658671
A18=-0.241415224969387
A19=0.784172960091382
A20=0.228932599537075
A21=-0.775187351275235
A22=0.504563560709357
A23=0.104778482113034
A24=-0.888309947215021
A25=0.668108505662531
A26=-0.977117326110601
A27=-0.0229424345307052
A28=0.733924931846559
A29=-0.629410412628204
A30=-0.0726316105574369
A31=-0.362377946730703
A32=-0.383901203982532
A33=-0.878424590919167
A34=-0.400323122739792
A35=-0.329954236280173
A36=-0.447454419918358
A37=0.775059863459319
A38=-0.778601305559278
A39=0.0403869510628283
A40=0.164083898998797
A41=0.887772744055837
A42=-0.660633597522974
A43=-0.201273608487099
A44=-0.219292522408068
A45=0.00763189373537898
A46=0.68291530944407
A47=0.0404710941947997
A48=0.623103705234826
A49=0.45633597811684
A50=0.451847337186337
A51=0.221173637080938
A52=0.751750315539539
A53=-0.0501521159894764
A54=-0.20615198649466
A55=0.418617127928883
A56=-0.247659808956087
A57=-0.0994812571443617
A58=0.690106589347124
A59=0.63591579021886
A60=-0.373715707100928
A61=-0.255397420842201
A62=0.967889280989766
A63=0.73938117409125
A64=0.85504271555692
A65=-0.861088416073471
A66=0.658815637230873
A67=-0.875096007715911
A68=0.107033866457641
A69=0.370362013112754
A70=-0.578411968424916
A71=0.706601581070572
A72=0.555871770717204
A73=-0.177839288953692
A74=-0.752075720578432
A75=-0.678519013803452
A76=0.278681500814855
A77=-0.159617741126567
A78=-0.829556619748473
A79=0.143867673818022
A80=0.703242731280625
A81=0.844686747994274
A82=-0.808745615184307
A83=0.203349866438657
A84=-0.427288581617177
A85=0.0269281785003841
A86=-0.85000161267817
A87=-0.400011496152729
A88=-0.603330395184457
A89=-0.518596517387778
A90=0.750093642622232
A91=0.510542829055339
A92=0.857253349386156
A93=-0.889507826883346
A94=-0.538066191598773
A95=-0.420538400765508
A96=-0.860891218297184
A97=0.149436616804451
A98=-0.478210687637329
A99=-0.211610078345984
A100=-0.348073718138039
A101=-0.34598706709221
A102=-0.254838155582547
A103=0.397941714618355
A104=0.114302785135806
A105=0.794842516537756
Rotation=0
Color Palette=IFS19.MAP
Background Color=$00232323
Shadows=1
Xmin=-2.86412054990289
Xmax=1.80190230019584
Ymin=-3.22168496966569
Ymax=0.946479614103384
Zmin=-3.44392020634353
Zmax=0.22448152739277
