[Settings]
Attractor Type=11
A0=0.963658831547946
A1=0.476504435762763
A2=0.728032662067562
A3=-0.0792900240048766
A4=0.551953238900751
A5=0.510831926018
A6=0.1354317557998
A7=0.993935531936586
A8=-0.613659169990569
A9=0.459615813568234
A10=0.941315228585154
A11=-0.778155053965747
A12=-0.0382924736477435
A13=0.732344299554825
A14=0.36841705488041
A15=0.0945729343220592
A16=0.111051126848906
A17=-0.0943725276738405
A18=-0.142106854822487
A19=-0.891573606990278
A20=0.268542831297964
A21=0.413504924625158
A22=0.395859431941062
A23=0.77357482817024
A24=0.38297938881442
A25=0.489706495776772
A26=-0.900304419454187
A27=-0.0794310895726085
A28=0.32537587126717
A29=-0.419383861124516
A30=-0.842135674785823
A31=-0.225562845356762
A32=0.134449071716517
A33=0.947688912972808
A34=-0.283003570046276
A35=-0.23488927539438
A36=0.943741527851671
A37=-0.321928899735212
A38=0.809991274494678
A39=0.542926362715662
A40=-0.0658638295717537
A41=0.8221734482795
A42=0.918883065227419
A43=0.167957444675267
A44=-0.844488403294235
A45=0.876947537064552
A46=-0.733777328860015
A47=-0.0580768408253789
A48=0.561287968885154
A49=0.333615271374583
A50=-0.57127491524443
A51=0.851425812579691
A52=0.0996135375462472
A53=-0.491398502141237
A54=-0.633067491929978
A55=0.0912662586197257
A56=0.204941790085286
A57=0.376419747248292
A58=-0.535356936510652
A59=-0.363412546925247
A60=0.533749224152416
A61=-0.376738898456097
A62=0.671855129767209
A63=-0.667403866536915
A64=-0.71185625391081
A65=0.640036186203361
A66=-0.655022697057575
A67=-0.529387376271188
A68=-0.0288863056339324
A69=0.673620287328959
A70=-0.121946017723531
A71=0.319198763929307
A72=0.917167488019913
A73=-0.144948406144977
A74=0.718756581190974
A75=0.579113964922726
A76=-0.557886099908501
A77=-0.676567435264587
A78=-0.137109636794776
A79=-0.769150611944497
A80=0.955732956063002
A81=0.164284421131015
A82=0.421166902873665
A83=-0.256509750150144
A84=-0.118912542704493
A85=-0.61889523640275
A86=-0.648007828276604
A87=0.113656251691282
A88=-0.275774870533496
A89=-0.381121685728431
A90=0.954020249191672
A91=0.70327013451606
A92=0.138021396007389
A93=-0.141709215939045
A94=-0.787777341436595
A95=0.344904358498752
A96=-0.676087223459035
A97=0.799395864829421
A98=-0.408776672091335
A99=-0.316544092260301
A100=0.615270910318941
A101=-0.846514653414488
A102=-0.630350823979825
A103=-0.777100780047476
A104=0.586167204659432
A105=-0.438087640330195
Rotation=0
Color Palette=kuler african wild flower.MAP
Background Color=$00323232
Shadows=1
Xmin=-7.3767395737218
Xmax=8.66860432566675
Ymin=-2.56022842098956
Ymax=7.32477299456233
Zmin=-1.99844842426319
Zmax=5.83282922682737
