[Settings]
Attractor Type=24
A0=0.928643114399165
A1=0.729999458417296
A2=0.497750817332417
A3=-0.922609037719667
A4=0.860184220131487
A5=-0.402007918804884
A6=-0.0893662231974304
A7=0.613826862536371
A8=0.439578610938042
A9=0.666585357859731
A10=-0.460558851715177
A11=0.325740535743535
A12=-0.468109569046646
A13=0.258658602833748
A14=-0.513637527357787
A15=0.66304452996701
A16=-0.418493360746652
A17=-0.929732294753194
A18=0.102282664272934
A19=-0.766809239052236
A20=-0.60917646670714
A21=0.439077746123075
A22=0.203945097047836
A23=0.261985941790044
A24=0.299323897343129
A25=-0.385251259431243
A26=0.300880315247923
A27=-0.896764862351119
A28=0.606794775929302
A29=-0.749975495040417
A30=0.925850369501859
A31=0.265963445417583
A32=-0.415564127732068
A33=0.831274649128318
A34=0.662558777723461
A35=-0.0720342015847564
A36=-0.0823914282955229
A37=0.267239693552256
A38=0.964376111049205
A39=0.404434896074235
A40=-0.0760244098491967
A41=0.354729311540723
A42=-0.642168795224279
A43=0.540417258627713
A44=-0.609218752477318
A45=-0.659976303577423
A46=-0.875382005702704
A47=0.495847406797111
A48=-0.624977633822709
A49=-0.705271946266294
A50=0.0558679760433733
A51=-0.108089833520353
A52=0.810259794350713
A53=0.524830218404531
A54=-0.627561706583947
A55=0.787481098435819
A56=-0.736179445404559
A57=0.731711396947503
A58=0.404965447727591
A59=-0.545604947023094
A60=-0.311859382782131
A61=0.143860034644604
A62=-0.872565365862101
A63=-0.579707150347531
A64=-0.4900017012842
A65=0.338038807734847
A66=-0.861985297407955
A67=0.747796081937849
A68=0.901388285215944
A69=0.968654740601778
A70=0.180908743757755
A71=-0.98123995307833
A72=-0.424213719088584
A73=-0.875917552039027
A74=-0.197029700037092
A75=-0.0076452000066638
A76=-0.0464457185007632
A77=0.528690502047539
A78=0.238835201133043
A79=0.405724334530532
A80=-0.959763527382165
A81=0.309320924803615
A82=-0.881680974271148
A83=-0.114026113413274
A84=-0.138504246715456
A85=-0.45502819493413
A86=-0.910169813316315
A87=-0.557764635421336
A88=-0.201559115666896
A89=0.318433040753007
A90=-0.0464513576589525
A91=0.506560903973877
A92=-0.332905738148838
A93=0.488625206053257
A94=-0.601879767607897
A95=0.992394546978176
A96=-0.11424968438223
A97=-0.0976084563881159
A98=0.934616638813168
A99=-0.660627952776849
A100=0.573974532540888
A101=0.264493081718683
A102=0.121510971803218
A103=0.0131987994536757
A104=0.92699310509488
A105=-0.615443123504519
Rotation=0
Color Palette=kuler sognefjord.MAP
Background Color=$00323232
Shadows=1
Xmin=-2.97374963208141
Xmax=3.84696244452471
Ymin=-0.412434366570228
Ymax=3.53931569281344
Zmin=-0.973355762580771
Zmax=4.44362020804742
