[Settings]
Attractor Type=19
A0=0.722890760749578
A1=-0.00978707103058696
A2=-0.455036104656756
A3=-0.94946736516431
A4=-0.0569877233356237
A5=-0.743577761109918
A6=0.717690971679986
A7=0.19093002518639
A8=-0.629393853247166
A9=-0.268589443992823
A10=-0.677350734360516
A11=0.0904144118539989
A12=-0.135460460558534
A13=0.298869191203266
A14=0.225072675384581
A15=0.809042004402727
A16=-0.105472903698683
A17=-0.345460678916425
A18=0.1395069276914
A19=-0.401259344536811
A20=-0.383795825764537
A21=-0.443421801086515
A22=0.256640632636845
A23=-0.0875348658300936
A24=-0.708096787333488
A25=-0.195559009443969
A26=-0.487285536713898
A27=-0.373756975401193
A28=-0.224116774275899
A29=-0.459971764590591
A30=-0.529741539619863
A31=-0.682138750795275
A32=-0.717237580567598
A33=-0.0351510676555336
A34=0.278907462023199
A35=-0.0540567827410996
A36=-0.842096066102386
A37=0.0669492506422102
A38=-0.314955341629684
A39=-0.22683340171352
A40=-0.131495289504528
A41=-0.548643134068698
A42=-0.4409767286852
A43=0.877371720504016
A44=0.934137484058738
A45=0.867790921125561
A46=0.908716359175742
A47=0.0943105942569673
A48=-0.984504099935293
A49=-0.470612387638539
A50=0.848144746385515
A51=-0.2642134395428
A52=0.880092756822705
A53=0.816191399935633
A54=-0.510066921822727
A55=-0.0730654359795153
A56=0.463661372661591
A57=0.457161844242364
A58=-0.769655999727547
A59=0.906392052304
A60=-0.253989921882749
A61=-0.215553933288902
A62=-0.60435953643173
A63=0.133110498543829
A64=-0.339920166879892
A65=-0.846333164256066
A66=-0.281473846174777
A67=-0.456442449707538
A68=-0.247045030817389
A69=-0.876023722346872
A70=0.613414046354592
A71=0.803059802856296
A72=-0.182422943413258
A73=-0.508374787401408
A74=0.719273085705936
A75=0.895036197733134
A76=-0.786088103428483
A77=0.770798115525395
A78=0.678802990354598
A79=0.891872046049684
A80=0.0983196385204792
A81=-0.78453629789874
A82=0.6226871823892
A83=-0.748816323000938
A84=-0.720121977850795
A85=0.97599113965407
A86=-0.672326157800853
A87=-0.51877628872171
A88=-0.0775912553071976
A89=-0.515718116890639
A90=-0.482764911837876
A91=0.519176959525794
A92=0.81095695309341
A93=0.661167135927826
A94=0.273554281331599
A95=0.666096945758909
A96=-0.598526138812304
A97=-0.960179063957185
A98=0.0295914551243186
A99=0.422233055811375
A100=-0.627547508105636
A101=0.398938866797835
A102=0.109976870007813
A103=0.0664983107708395
A104=-0.102733455598354
A105=0.999432392884046
Rotation=0
Color Palette=IFS02.MAP
Background Color=$00232323
Shadows=1
Xmin=-6.65321996214565
Xmax=4.72784221995175
Ymin=-4.28156288838436
Ymax=1.11647628647642
Zmin=-2.79602848991285
Zmax=1.93195654331915
