[Settings]
Attractor Type=20
A0=0.87311795167625
A1=-0.217938759829849
A2=0.459720359183848
A3=-0.83834488177672
A4=0.984153639525175
A5=0.883914407808334
A6=0.934781714342535
A7=-0.47195114614442
A8=0.582103991881013
A9=0.756308915559202
A10=0.973639857955277
A11=-0.574873028788716
A12=0.173228450119495
A13=-0.800415060948581
A14=-0.576789488084614
A15=-0.186457701493055
A16=-0.308837750926614
A17=-0.966225878801197
A18=-0.357070765458047
A19=-0.713140653911978
A20=0.58566153421998
A21=-0.582674841862172
A22=0.473379350267351
A23=0.789693954866379
A24=0.788301603868604
A25=-0.449404989834875
A26=-0.871251995675266
A27=-0.0450064302422106
A28=-0.226121723651886
A29=0.857855737674981
A30=0.481860342435539
A31=-0.595791861880571
A32=-0.5637376178056
A33=0.24156696209684
A34=-0.289458184503019
A35=-0.145898366812617
A36=0.997457381337881
A37=-0.497336048167199
A38=-0.225941390730441
A39=-0.626045797485858
A40=0.668610105291009
A41=0.52061133319512
A42=-0.311613800935447
A43=0.636904941406101
A44=-0.718275375664234
A45=0.286972426343709
A46=0.0690560294315219
A47=0.509185291361064
A48=-0.389170760288835
A49=0.386244206223637
A50=0.910330318845809
A51=0.820993063505739
A52=-0.398653399199247
A53=0.0177078885026276
A54=-0.930545010603964
A55=-0.337242912966758
A56=0.226416947320104
A57=0.152045140508562
A58=-0.575259278528392
A59=-0.949457517359406
A60=-0.811075523495674
A61=0.916469917166978
A62=0.17622213345021
A63=-0.695653439033777
A64=0.187976835295558
A65=0.802125921938568
A66=-0.74235491361469
A67=0.983035346027464
A68=-0.0314122624695301
A69=0.787499692756683
A70=-0.671467886306345
A71=-0.280329276341945
A72=-0.126687293872237
A73=0.971599312964827
A74=-0.684924024157226
A75=-0.199021785054356
A76=-0.885412059724331
A77=-0.189351252745837
A78=0.968611340038478
A79=0.834705374669284
A80=-0.513477692380548
A81=0.55204780260101
A82=-0.58958541508764
A83=0.348620814736933
A84=-0.265107538551092
A85=-0.0406522857956588
A86=-0.868418269790709
A87=-0.335096147377044
A88=0.304091082885861
A89=0.921992356423289
A90=-0.583265508525074
A91=0.893674784805626
A92=-0.320221751928329
A93=-0.956424921285361
A94=-0.339695540256798
A95=-0.610584214795381
A96=0.0459859203547239
A97=-0.197638833429664
A98=-0.455854593776166
A99=0.51403242861852
A100=0.475425567477942
A101=-0.622174072545022
A102=-0.45477628801018
A103=0.0503058391623199
A104=0.371748903766274
A105=0.736958401743323
Rotation=0
Color Palette=IFS07.MAP
Background Color=$00232323
Shadows=1
Xmin=-2.28995932525371
Xmax=1.89374696502208
Ymin=-2.79751413473175
Ymax=0.827606483589692
Zmin=-1.49825169419599
Zmax=0.824916071683509
