[Settings]
Attractor Type=13
A0=0.909808020573109
A1=-0.353338455781341
A2=0.357905270997435
A3=-0.124335396103561
A4=-0.0945344553329051
A5=-0.0740044638514519
A6=0.218791462946683
A7=-0.703901399858296
A8=0.562260083388537
A9=-0.143862107768655
A10=-0.534414069261402
A11=-0.663343749009073
A12=0.928834272082895
A13=0.162235382944345
A14=-0.366309504490346
A15=0.722686505876482
A16=-0.626367923337966
A17=-0.104996068403125
A18=-0.480834757443517
A19=0.646892135031521
A20=-0.577820932958275
A21=-0.00787001848220825
A22=-0.13926464272663
A23=0.554363909177482
A24=0.557253315579146
A25=0.654124988242984
A26=-0.90593641391024
A27=-0.711057095788419
A28=-0.174303079489619
A29=0.753383036702871
A30=-0.727961677592248
A31=-0.930339069105685
A32=-0.404381845612079
A33=-0.00480841659009457
A34=-0.255172682460397
A35=0.266009089536965
A36=-0.692265762481838
A37=-0.950554676353931
A38=0.693447016645223
A39=-0.55921555031091
A40=-0.435395263601094
A41=-0.628186816349626
A42=-0.889402480330318
A43=-0.370735145173967
A44=-0.598494412843138
A45=0.933108437806368
A46=0.322513167280704
A47=0.323461852036417
A48=0.0826937439851463
A49=0.575611950829625
A50=0.64557875180617
A51=-0.869798253290355
A52=-0.73318754741922
A53=0.215098544955254
A54=-0.728538646828383
A55=-0.428215217776597
A56=-0.11481285141781
A57=0.607316492125392
A58=-0.0254922001622617
A59=-0.00202755536884069
A60=0.576761981006712
A61=0.89767013117671
A62=-0.264842245262116
A63=-0.92194710765034
A64=-0.976573039311916
A65=0.672855610027909
A66=-0.126877573784441
A67=-0.158265489153564
A68=0.0294857337139547
A69=-0.266800247132778
A70=-0.215921096038073
A71=0.737617592327297
A72=0.689013979863375
A73=-0.695547947660089
A74=-0.126369880046695
A75=0.677994140423834
A76=-0.515141563955694
A77=0.907779786735773
A78=0.782280434388667
A79=-0.461274200119078
A80=0.66302654473111
A81=-0.393283737823367
A82=0.495176846627146
A83=0.0829499112442136
A84=-0.273783272597939
A85=0.849812179803848
A86=-0.569634168874472
A87=-0.222636309452355
A88=0.390239282976836
A89=0.627740127965808
A90=0.0993157983757555
A91=-0.530163465999067
A92=-0.152922088745981
A93=-0.836397800594568
A94=0.433455180842429
A95=0.397100447677076
A96=-0.321658138651401
A97=0.855190733447671
A98=0.370476143900305
A99=-0.508731397800148
A100=0.262858705129474
A101=-0.312047816812992
A102=-0.205846078228205
A103=-0.546067987568676
A104=-0.977842264343053
A105=-0.162595892325044
Rotation=0
Color Palette=kuler cold harbour.MAP
Background Color=$00323232
Shadows=1
Xmin=-4.80205147050412
Xmax=2.92128109066035
Ymin=-20.6628757233136
Ymax=20.5745585516
Zmin=-2.34745107358097
Zmax=1.20644856154585
