[Settings]
Attractor Type=24
A0=0.701904677320272
A1=-0.465657715685666
A2=0.788741565775126
A3=-0.225764388218522
A4=-0.968598933424801
A5=-0.723260379396379
A6=0.356164572294801
A7=-0.207170855253935
A8=-0.44675439177081
A9=-0.362231411971152
A10=0.957450080197304
A11=0.965506913140416
A12=-0.824380030389875
A13=-0.81676013302058
A14=-0.953836789820343
A15=-0.817346885800362
A16=0.963238105643541
A17=0.800688075833023
A18=0.379801272880286
A19=-0.66912460513413
A20=-0.655256280209869
A21=0.111359075643122
A22=-0.0452697076834738
A23=0.342687468975782
A24=0.236123349983245
A25=0.462275399826467
A26=0.841512154322118
A27=0.748144859448075
A28=-0.326114920433611
A29=0.467129808850586
A30=-0.235627620015293
A31=-0.0528162345290184
A32=-0.948247126769274
A33=0.564756969921291
A34=-0.231441475916654
A35=0.921413054689765
A36=-0.445373462047428
A37=-0.436066738329828
A38=0.819339198525995
A39=0.60410938039422
A40=0.883557308930904
A41=0.643254703842103
A42=-0.323606279212981
A43=0.627165423706174
A44=-0.134510939475149
A45=0.774843011982739
A46=0.887342387344688
A47=-0.336258739233017
A48=-0.958484857808799
A49=0.0406297771260142
A50=-0.755832627881318
A51=-0.914631145074964
A52=-0.172599160578102
A53=-0.190031229518354
A54=0.546274249907583
A55=0.152259673923254
A56=-0.659878540318459
A57=-0.752673626877368
A58=0.0139441448263824
A59=-0.544434567913413
A60=0.484166043344885
A61=0.118800130672753
A62=0.195926503743976
A63=-0.169658042490482
A64=-0.608643300365657
A65=0.366215432994068
A66=0.714922494720668
A67=0.45796618424356
A68=0.807933567557484
A69=-0.582449681125581
A70=0.694709030445665
A71=0.376756269484758
A72=0.522655401844531
A73=0.702438405714929
A74=-0.787346583325416
A75=0.119544835761189
A76=0.429665783885866
A77=-0.658500055782497
A78=-0.378631374333054
A79=0.696955338120461
A80=0.319874957669526
A81=-0.521749001927674
A82=0.0832591946236789
A83=-0.35486844368279
A84=0.994607290718705
A85=0.222340748645365
A86=-0.838292250875384
A87=0.356670212000608
A88=-0.20473563997075
A89=-0.327133075334132
A90=-0.187347848434001
A91=-0.586493289098144
A92=0.14275366300717
A93=0.990519356913865
A94=-0.379696725402027
A95=-0.859495989978313
A96=-0.819567046593875
A97=0.987301657907665
A98=-0.379246600437909
A99=-0.901505390182137
A100=0.114320202264935
A101=0.202581026591361
A102=0.557225239928812
A103=0.735525671392679
A104=0.344319183845073
A105=-0.065783821977675
Rotation=0
Color Palette=kuler sognefjord.MAP
Background Color=$00323232
Shadows=1
Xmin=2.80369471888375
Xmax=5.78598828998683
Ymin=0.715619237611578
Ymax=2.44586752510441
Zmin=-1.0465407880302
Zmax=2.38021833245452
