[Settings]
Attractor Type=20
A0=-0.856854454614222
A1=0.256696622353047
A2=-0.0280140992254019
A3=-0.998566207941622
A4=-0.509659099392593
A5=0.526515485253185
A6=0.582087524235249
A7=-0.684037170838565
A8=0.178012560121715
A9=-0.485384472180158
A10=-0.85565666295588
A11=-0.398745731916279
A12=-0.199296495877206
A13=0.740098369773477
A14=-0.513804968446493
A15=-0.345815460663289
A16=0.141135728918016
A17=0.608273211400956
A18=0.592684702947736
A19=0.692444587592036
A20=0.250166301615536
A21=0.685437106993049
A22=-0.644643783569336
A23=-0.0259532923810184
A24=-0.08067846018821
A25=0.936545863281935
A26=0.13560969941318
A27=-0.510902994778007
A28=-0.485340683721006
A29=0.769525562878698
A30=-0.638740841299295
A31=-0.182416516821831
A32=-0.359290511347353
A33=-0.770025287289172
A34=-0.124956777319312
A35=0.746929752174765
A36=0.603242454119027
A37=0.19000701745972
A38=0.253839008510113
A39=0.743064366746694
A40=0.139615829102695
A41=0.874984777998179
A42=0.817329114302993
A43=-0.131244213785976
A44=0.385449253953993
A45=0.571892914827913
A46=0.544871736317873
A47=-0.757037039380521
A48=-0.453622677363455
A49=0.863103616517037
A50=-0.380676088854671
A51=0.634951541665941
A52=0.243630637414753
A53=-0.770718386862427
A54=0.81656788289547
A55=0.286925718653947
A56=-0.997805011458695
A57=0.365180074702948
A58=-0.540509404614568
A59=-0.44107432058081
A60=-0.149701341055334
A61=0.0520771346054971
A62=0.155166309326887
A63=-0.510259303729981
A64=-0.501022146083415
A65=0.93060303805396
A66=-0.966007655486465
A67=0.86758783692494
A68=0.0704702557995915
A69=0.0177079155109823
A70=0.70952794700861
A71=-0.0956936995498836
A72=-0.155813296325505
A73=0.311520181130618
A74=-0.322213718667626
A75=0.106817378196865
A76=0.989010998047888
A77=-0.672154443804175
A78=0.374729547649622
A79=-0.560399960260838
A80=-0.249322169460356
A81=-0.08794328244403
A82=0.610717223957181
A83=0.371932143811136
A84=-0.937021161429584
A85=-0.829876428935677
A86=-0.399342566728592
A87=0.903647274244577
A88=0.0515467850491405
A89=-0.137465849984437
A90=0.308611435815692
A91=-0.836842799093574
A92=-0.601032136939466
A93=-0.895143861416727
A94=0.325601246207952
A95=0.671489965636283
A96=0.0399721255525947
A97=-0.281310979742557
A98=-0.000629624351859093
A99=-0.133906406816095
A100=-0.844547959975898
A101=0.0767568512819707
A102=-0.96515230089426
A103=-0.021844572853297
A104=-0.0659408317878842
A105=0.785891659092158
Rotation=0
Color Palette=IFS17.MAP
Background Color=$00232323
Shadows=1
Xmin=-4.41312572614012
Xmax=2.54421833608308
Ymin=-2.68112797967376
Ymax=2.86608783424744
Zmin=-1.36063437030354
Zmax=2.79118729959693
