[Settings]
Attractor Type=14
A0=-0.945965126156807
A1=-0.947431221138686
A2=0.90945081692189
A3=-0.765838146675378
A4=-0.84458732791245
A5=0.231101980898529
A6=-0.638490243814886
A7=0.297280570026487
A8=0.514423232525587
A9=-0.610275957267731
A10=-0.295111761428416
A11=0.427623223047704
A12=-0.456065421923995
A13=-0.0209944522939622
A14=-0.376408475451171
A15=-0.299022166524082
A16=0.401695407927036
A17=-0.818267039489001
A18=0.501766781322658
A19=-0.110845543909818
A20=-0.297872910276055
A21=0.346868588123471
A22=-0.0314971124753356
A23=-0.941015797201544
A24=0.886318776756525
A25=-0.285473834257573
A26=-0.102291637100279
A27=-0.553291108924896
A28=0.968975650146604
A29=-0.974287932273
A30=-0.168182577006519
A31=0.451511317398399
A32=0.881070286035538
A33=0.110582143533975
A34=0.298074158839881
A35=-0.908063844311982
A36=-0.873052852228284
A37=0.0489641786552966
A38=0.986144841648638
A39=0.768951480742544
A40=0.974630203098059
A41=-0.00310401944443583
A42=-0.74419164750725
A43=-0.320599083323032
A44=-0.101916333660483
A45=-0.727070910390466
A46=0.943474736995995
A47=0.723596410360187
A48=0.490175865590572
A49=0.797948115039617
A50=-0.0637181149795651
A51=-0.749198370147496
A52=0.56509623490274
A53=0.482255695853382
A54=-0.517479664646089
A55=-0.513644012156874
A56=0.668975431472063
A57=-0.346326913218945
A58=0.707136205397546
A59=0.98418929008767
A60=-0.282541422173381
A61=0.120406369213015
A62=0.301062245853245
A63=0.948477008845657
A64=-0.0210183709859848
A65=-0.0375717128627002
A66=-0.146872979588807
A67=0.768186181318015
A68=-0.87749913521111
A69=0.645125708077103
A70=-0.206707789562643
A71=-0.391738066915423
A72=-0.451574493199587
A73=0.548962709028274
A74=-0.584031955339015
A75=0.401204626541585
A76=-0.278496539220214
A77=0.508909287396818
A78=0.952156853862107
A79=0.0827876343391836
A80=0.724410183727741
A81=-0.542614303063601
A82=0.159174750559032
A83=0.415665737818927
A84=-0.249209323897958
A85=0.764472408685833
A86=0.396701433695853
A87=0.244624150451273
A88=0.756504599004984
A89=0.369135696906596
A90=-0.342091881670058
A91=0.527218166273087
A92=0.987824516370893
A93=0.295218850020319
A94=0.524413590319455
A95=-0.0164465666748583
A96=0.605337262153625
A97=-0.354050993453711
A98=-0.486181613989174
A99=-0.291043147910386
A100=-0.877701567485929
A101=-0.329290383961052
A102=0.788567096926272
A103=-0.406711901072413
A104=0.87619000300765
A105=-0.00217147497460246
Rotation=0
Color Palette=kuler dead presidents.MAP
Background Color=$00323232
Shadows=1
Xmin=-3.93749515389387
Xmax=2.14661449688573
Ymin=-3.26324787530641
Ymax=1.38709432237118
Zmin=-0.596363817536244
Zmax=3.32710265391169
