[Settings]
Attractor Type=13
A0=-0.0220157718285918
A1=0.4529790407978
A2=0.495483640581369
A3=0.487553854007274
A4=-0.94488635007292
A5=-0.0236804452724755
A6=0.736200110986829
A7=0.488940084818751
A8=-0.560263927094638
A9=-0.268752610776573
A10=0.3867147564888
A11=-0.295124947559088
A12=-0.74385851342231
A13=0.0965367103926837
A14=-0.372480498626828
A15=-0.0290761529468
A16=-0.15231731440872
A17=0.11658821022138
A18=0.818801399320364
A19=0.278939705807716
A20=-0.371784300543368
A21=0.633631255012006
A22=-0.463546624407172
A23=0.832117723766714
A24=0.732368347235024
A25=-0.585933341179043
A26=-0.421211905777454
A27=0.953564189840108
A28=0.933386917226017
A29=0.612700081896037
A30=-0.337295049801469
A31=-0.557868452277035
A32=-0.202689028345048
A33=-0.581383945886046
A34=0.0280601866543293
A35=0.469268981833011
A36=0.542226276360452
A37=-0.773557376582175
A38=-0.331009862944484
A39=0.610638628248125
A40=-0.428654144518077
A41=-0.823243370745331
A42=-0.589062407612801
A43=-0.893752589356154
A44=0.148669171147048
A45=0.409379601012915
A46=0.552131293341517
A47=-0.0571554987691343
A48=-0.814030571840703
A49=-0.126685718540102
A50=-0.71173145249486
A51=0.852334406692535
A52=0.609859003685415
A53=-0.962928224820644
A54=-0.360849028453231
A55=0.819955679122359
A56=-0.722316998057067
A57=-0.656860677991062
A58=0.0960233584046364
A59=0.195975251961499
A60=-0.0890090661123395
A61=0.750338695477694
A62=-0.291634330525994
A63=0.00464840093627572
A64=0.0153365219011903
A65=0.207825226243585
A66=-0.171111848205328
A67=-0.455805670004338
A68=0.255155629478395
A69=-0.595522549469024
A70=0.235479580238461
A71=-0.128462617751211
A72=0.252472315914929
A73=-0.362572616431862
A74=0.848858624696732
A75=-0.734436124097556
A76=0.278183015994728
A77=0.143481418024749
A78=0.764678342267871
A79=-0.73735543480143
A80=-0.195331155322492
A81=0.737181847449392
A82=0.818833794444799
A83=0.358172726351768
A84=0.388486026786268
A85=0.0992590147070587
A86=0.404722789302468
A87=0.967867868486792
A88=0.851884451694787
A89=-0.440775914583355
A90=-0.23879025131464
A91=-0.257404930423945
A92=-0.768095646984875
A93=0.715852446388453
A94=-0.549957299605012
A95=-0.169550062622875
A96=0.465801113285124
A97=-0.260692270938307
A98=-0.758526604622602
A99=0.179859195370227
A100=-0.718451806344092
A101=-0.301343542058021
A102=-0.873169450089335
A103=-0.522553106304258
A104=0.262168188579381
A105=0.758523324038833
Rotation=0
Color Palette=IFS22.MAP
Background Color=$00323232
Shadows=1
Xmin=-0.668879962090652
Xmax=-0.579472718107901
Ymin=-2.04802369095491
Ymax=-1.88629341504749
Zmin=-1.16428005270269
Zmax=0.808319318584209
