[Settings]
Attractor Type=25
A0=0.799600893165916
A1=0.451962500810623
A2=-0.507735102903098
A3=0.717596325092018
A4=0.120088979136199
A5=-0.204578774049878
A6=-0.595115625765175
A7=-0.291505157016218
A8=-0.530553395394236
A9=0.79583140835166
A10=-0.92847006348893
A11=0.347117780707777
A12=-0.898353700060397
A13=-0.287198206409812
A14=0.23897578055039
A15=-0.88901153486222
A16=-0.377433581743389
A17=0.167032741010189
A18=-0.5327333281748
A19=0.583045567385852
A20=0.360474533867091
A21=0.367733215913177
A22=-0.858197094406933
A23=0.887067907489836
A24=0.418151465710253
A25=-0.251759093254805
A26=-0.473559107165784
A27=0.328177384100854
A28=-0.249594074208289
A29=-0.271404532715678
A30=-0.548640628810972
A31=-0.792829970829189
A32=0.110729792620987
A33=-0.176185116171837
A34=-0.27055875910446
A35=-0.722574812360108
A36=0.210844009649009
A37=0.816624967381358
A38=-0.105078974273056
A39=-0.186857177875936
A40=-0.06311489129439
A41=-0.786608029156923
A42=-0.641952041070908
A43=-0.242341057397425
A44=0.965982358437032
A45=-0.29799166880548
A46=0.569514694157988
A47=-0.079410838894546
A48=-0.373024462256581
A49=0.83048153668642
A50=0.288401641417295
A51=-0.307449628598988
A52=0.349023334216326
A53=-0.375023880973458
A54=-0.452613072004169
A55=-0.753789446316659
A56=0.541852367576212
A57=-0.633941229432821
A58=-0.591028015594929
A59=0.692416704259813
A60=0.25139683810994
A61=-0.758103413507342
A62=0.106472755316645
A63=0.160150890238583
A64=0.434578800108284
A65=-0.902841567993164
A66=-0.336473464500159
A67=-0.730935570783913
A68=0.19697906030342
A69=0.996369434520602
A70=0.585864430759102
A71=0.963340193964541
A72=-0.162851298693568
A73=-0.179531399160624
A74=-0.280900556128472
A75=-0.824366957880557
A76=-0.958688769955188
A77=-0.38468044064939
A78=0.866280185524374
A79=0.289838370867074
A80=0.0722053511999548
A81=0.910924427211285
A82=0.258960210252553
A83=0.871438796631992
A84=0.295818365644664
A85=0.730090802535415
A86=-0.524467022623867
A87=0.63417895976454
A88=0.889760193880647
A89=-0.494698118418455
A90=0.900582436937839
A91=0.111818454228342
A92=-0.922971975523978
A93=-0.377460299059749
A94=-0.681000759359449
A95=-0.9962871177122
A96=-0.271088412497193
A97=0.810811504721642
A98=-0.261387422215194
A99=-0.337026965804398
A100=0.680789052974433
A101=0.0961292367428541
A102=0.0350876362062991
A103=0.695952192880213
A104=0.604563554283231
A105=0.538692157715559
Rotation=0
Color Palette=kuler hsb nature 13.MAP
Background Color=$00323232
Shadows=1
Xmin=-5.48850823853884
Xmax=12.3747707632397
Ymin=-2.70882266139603
Ymax=7.64071461025939
Zmin=-3.86975758109806
Zmax=5.08779047916218
