[Settings]
Attractor Type=16
A0=-0.248129920568317
A1=0.225779631175101
A2=-0.649535643402487
A3=-0.412048276513815
A4=0.537601788062602
A5=0.0563909178599715
A6=-0.199606117326766
A7=-0.742488307878375
A8=0.662697697523981
A9=0.957022671587765
A10=0.622673058416694
A11=-0.318693518638611
A12=-0.0723494286648929
A13=0.931603553704917
A14=0.344269409310073
A15=-0.469205187633634
A16=-0.627140515949577
A17=-0.902343719266355
A18=-0.369566763285547
A19=-0.979588214308023
A20=0.0114179071970284
A21=-0.274761945940554
A22=-0.645600233692676
A23=-0.368920376524329
A24=0.321667420212179
A25=0.0747091146185994
A26=-0.338768078479916
A27=0.804421536624432
A28=0.593267046380788
A29=0.502079422585666
A30=0.369553721975535
A31=-0.673571282997727
A32=0.720528213772923
A33=-0.199316537939012
A34=-0.445075693074614
A35=-0.380669545382261
A36=0.536765341181308
A37=-0.752066829241812
A38=-0.341397416312248
A39=-0.339582620188594
A40=0.283412049058825
A41=-0.67410100530833
A42=0.965452501084656
A43=-0.253432169556618
A44=-0.69234700454399
A45=-0.41553093213588
A46=0.794738947879523
A47=-0.176772655919194
A48=-0.417678663041443
A49=0.615836516954005
A50=-0.752435723785311
A51=-0.403408724814653
A52=-0.858188185375184
A53=-0.390935108996928
A54=0.854695450048894
A55=0.147740537300706
A56=-0.972240535076708
A57=-0.546518283896148
A58=-0.0314681814052165
A59=0.267480470240116
A60=-0.161766044329852
A61=-0.140349824912846
A62=0.242963514756411
A63=-0.769367167726159
A64=0.474199546966702
A65=-0.53333108779043
A66=-0.955129521433264
A67=0.228530917316675
A68=0.176990677136928
A69=0.404549962840974
A70=0.141012105625123
A71=-0.821532202884555
A72=-0.549446826335043
A73=-0.71957519184798
A74=0.504057520534843
A75=0.128847688436508
A76=-0.0377989108674228
A77=-0.942671445198357
A78=-0.418493524659425
A79=0.978790445253253
A80=0.0156391621567309
A81=0.79431223962456
A82=-0.128749127034098
A83=-0.269060824066401
A84=0.690000903327018
A85=0.716633259318769
A86=0.147526915650815
A87=-0.00377901457250118
A88=0.238652306143194
A89=0.584773925133049
A90=-0.81899212161079
A91=0.969310842454433
A92=0.841511182952672
A93=-0.168961857445538
A94=0.296787507366389
A95=-0.406451428309083
A96=0.30463212588802
A97=0.432476215995848
A98=-0.385995956603438
A99=-0.865941029042006
A100=-0.199192907195538
A101=-0.0111122215166688
A102=-0.689145129639655
A103=0.877825053408742
A104=-0.755068381782621
A105=0.974652846343815
Rotation=0
Color Palette=IFS16.MAP
Background Color=$00232323
Shadows=1
Xmin=-5.84649223174409
Xmax=0.237712588170831
Ymin=-3.17179487636812
Ymax=6.14116985991604
Zmin=-6.95332417895238
Zmax=0.407922103797539
