[Settings]
Attractor Type=11
A0=0.274777564242482
A1=0.250691426753998
A2=0.721420317590237
A3=-0.308519504070282
A4=0.904106674477458
A5=-0.340536915302277
A6=-0.823858823508024
A7=-0.143517475239933
A8=-0.190079241752625
A9=-0.478119442053139
A10=-0.53908797454834
A11=-0.564512881182134
A12=-0.142294530883431
A13=0.162731920622289
A14=0.426932973861694
A15=-0.677941033534706
A16=-0.579882193565369
A17=0.486097630850971
A18=0.406361667633057
A19=-0.397185301743448
A20=0.653876508399844
A21=0.933190327487886
A22=0.519256212234497
A23=-0.592795110225677
A24=-0.9390902967453
A25=-0.167996955104172
A26=-0.904067474365234
A27=0.831568878650665
A28=-0.818122700348496
A29=0.963961715221405
A30=-0.226160661697388
A31=-0.936883386135101
A32=0.811448792457581
A33=-0.313255311734974
A34=0.652350387275219
A35=0.932256650645286
A36=0.0153753748163581
A37=0.64105438767001
A38=0.275442818179727
A39=-0.244816166814417
A40=0.0820433767512441
A41=0.802914218511432
A42=0.569137953221798
A43=0.354623787570745
A44=-0.721013580448925
A45=0.510955161880702
A46=-0.650981808081269
A47=-0.432363034691662
A48=0.488284104503691
A49=-0.840538057032973
A50=0.0059407539665699
A51=-0.0543225663714111
A52=-0.0469533884897828
A53=0.893184680026025
A54=-0.590347675606608
A55=0.0674590864218771
A56=-0.783254246227443
A57=0.178994157817215
A58=-0.857934579253197
A59=-0.41966251982376
A60=0.705124157480896
A61=-0.409572273958474
A62=-0.205012114718556
A63=-0.436042705085129
A64=-0.0805674334987998
A65=0.648875822778791
A66=0.551055502146482
A67=-0.690084579866379
A68=-0.290254727937281
A69=-0.934840877074748
A70=0.766617739573121
A71=-0.888810334261507
A72=0.597103667445481
A73=0.225246311631054
A74=0.775326617062092
A75=-0.844916902016848
A76=-0.386762072332203
A77=-0.73613751726225
A78=-0.368821302428842
A79=-0.886565999593586
A80=0.626616814173758
A81=0.569738162215799
A82=0.00976020470261574
A83=-0.476158540230244
A84=-0.376424395479262
A85=0.0662489566020668
A86=0.98644526489079
A87=0.555656576994807
A88=0.913272147066891
A89=0.111195826437324
A90=-0.0897027254104614
A91=0.254489303100854
A92=0.725221040658653
A93=-0.640524015296251
A94=-0.90757660754025
A95=0.858980900142342
A96=-0.83184406068176
A97=0.432394420262426
A98=-0.472467843443155
A99=0.283592027146369
A100=0.01896998193115
A101=0.737366046290845
A102=0.367444226518273
A103=0.361156451050192
A104=0.310484346933663
A105=0.281758473720402
Rotation=0
Color Palette=kuler baby blue.MAP
Background Color=$00323232
Shadows=1
Xmin=0.200080009941794
Xmax=3.12925794114417
Ymin=1.03974021313352
Ymax=3.70116010379212
Zmin=-0.733902236939449
Zmax=4.84888174282533
