[Settings]
Attractor Type=12
A0=0.963145727291703
A1=0.433215590659529
A2=-0.564586776308715
A3=0.213943751063198
A4=0.985812105238438
A5=-0.0512480060569942
A6=0.319039682857692
A7=0.636407635640353
A8=0.492836346849799
A9=-0.677368329372257
A10=0.708402284421027
A11=-0.186098890844733
A12=0.688002917915583
A13=0.608444918412715
A14=0.544792360626161
A15=-0.680419948417693
A16=0.270587312057614
A17=0.970049674157053
A18=-0.51509806048125
A19=0.123916321899742
A20=-0.971992582082748
A21=-0.480171650182456
A22=-0.532892075367272
A23=-0.698881343472749
A24=0.742928011342883
A25=0.729210293386132
A26=0.139084399677813
A27=-0.957805807236582
A28=-0.366431627422571
A29=-0.494790125172585
A30=0.615493058227003
A31=-0.681599382776767
A32=-0.95403697155416
A33=-0.47326980298385
A34=-0.465498241595924
A35=0.0388389392755926
A36=-0.383074380457401
A37=0.934382431674749
A38=-0.118118797428906
A39=-0.954063110519201
A40=0.626465892419219
A41=-0.0324292196892202
A42=-0.448570257984102
A43=0.792572943028063
A44=0.758409816771746
A45=-0.357406939845532
A46=-0.889523693360388
A47=-0.955409031827003
A48=0.987972827628255
A49=-0.934493084903806
A50=0.739211459644139
A51=-0.547544500324875
A52=0.815036192536354
A53=-0.526488348376006
A54=0.812596577219665
A55=0.335797637235373
A56=-0.438123496249318
A57=-0.401404300238937
A58=-0.906398846767843
A59=0.524601568933576
A60=0.954098295420408
A61=-0.552800300996751
A62=0.0065182289108634
A63=-0.399218280334026
A64=-0.296480214223266
A65=0.0896452092565596
A66=-0.0408920524641871
A67=0.383900524582714
A68=-0.688238255679607
A69=-0.446920953225344
A70=-0.817680765874684
A71=0.00477682752534747
A72=0.813289484009147
A73=-0.588316754903644
A74=-0.943660399876535
A75=0.410734904464334
A76=0.676657978445292
A77=-0.832099359016865
A78=0.391723073087633
A79=-0.353755888063461
A80=0.582710104063153
A81=0.0184260853566229
A82=0.634346251375973
A83=-0.247300839517266
A84=0.298478007316589
A85=0.0987132792361081
A86=0.462942483834922
A87=-0.368908986914903
A88=-0.634462403133512
A89=-0.200252765323967
A90=0.747964174486697
A91=-0.288681591395289
A92=-0.17843383923173
A93=0.250832360703498
A94=-0.659476787783206
A95=-0.228109989780933
A96=0.673853108659387
A97=0.562146174255759
A98=-0.339840474538505
A99=-0.246232821140438
A100=-0.656486161053181
A101=-0.0791913638822734
A102=-0.449812238104641
A103=-0.0879026283510029
A104=-0.200843269005418
A105=-0.865782888140529
Rotation=0
Color Palette=Jason3.MAP
Background Color=$00323232
Shadows=1
Xmin=-2.27244646452628
Xmax=6.45008229739125
Ymin=-2.50398879546795
Ymax=1.77553413109218
Zmin=0.979122616161833
Zmax=3.42854145721445
