[Settings]
Attractor Type=13
A0=0.428764636162668
A1=0.424472843296826
A2=0.551751309540123
A3=-0.682915300130844
A4=-0.785273521672934
A5=0.689157160930336
A6=0.649157806765288
A7=-0.827911393716931
A8=0.819837486837059
A9=-0.183658539317548
A10=-0.950915033463389
A11=-0.728950414806604
A12=-0.792247343342751
A13=0.203890561126173
A14=0.138806100469083
A15=-0.959919711574912
A16=0.45776571566239
A17=0.491925445385277
A18=-0.162812157068402
A19=-0.835177518427372
A20=0.954628460574895
A21=0.886919940821826
A22=0.0901735494844615
A23=-0.55713596381247
A24=-0.474364282097667
A25=0.222125523723662
A26=0.0479073203168809
A27=0.0443590469658375
A28=0.618725929874927
A29=0.223074248991907
A30=-0.732751351315528
A31=0.899601073935628
A32=0.115347365383059
A33=0.946909804828465
A34=0.783427694346756
A35=0.432299509644508
A36=-0.128160044085234
A37=-0.135703307576478
A38=0.39459118200466
A39=-0.642690928652883
A40=-0.416917243506759
A41=-0.447342469356954
A42=-0.99701107526198
A43=-0.238437581807375
A44=-0.937842968385667
A45=-0.530511514283717
A46=-0.643449027556926
A47=0.186955893412232
A48=0.52977496618405
A49=-0.225497174076736
A50=-0.96539461473003
A51=-0.0660616084933281
A52=-0.992775998543948
A53=-0.330647398717701
A54=0.0214866320602596
A55=0.304553350433707
A56=-0.593423204030842
A57=-0.776321551762521
A58=-0.288215386215597
A59=-0.996316131204367
A60=-0.588083188515157
A61=0.156237519346178
A62=0.690984311979264
A63=0.417250948026776
A64=-0.254670476075262
A65=-0.460140462033451
A66=-0.864753937814385
A67=0.986114859580994
A68=-0.0885907406918705
A69=0.89898097794503
A70=0.174076452385634
A71=-0.605570362880826
A72=0.014031654689461
A73=-0.331492631696165
A74=-0.940360153559595
A75=-0.208799306303263
A76=-0.260858255904168
A77=0.482753722928464
A78=-0.513539467472583
A79=0.763795563951135
A80=0.0973076694644988
A81=0.263213095255196
A82=0.905265496578068
A83=-0.717842228710651
A84=0.019790016580373
A85=-0.426096742041409
A86=-0.825282179284841
A87=-0.667526179924607
A88=0.401876776013523
A89=-0.786958492361009
A90=-0.605209293309599
A91=-0.540956687182188
A92=0.687233929056674
A93=-0.490202405489981
A94=0.265532124321908
A95=-0.0668978076428175
A96=-0.412978341337293
A97=0.294874777086079
A98=-0.185029915068299
A99=0.767349109053612
A100=0.0275261853821576
A101=0.0136690018698573
A102=0.83990853978321
A103=0.294924912974238
A104=0.92005722830072
A105=0.95075620803982
Rotation=0
Color Palette=kuler chocolate locust.MAP
Background Color=$00323232
Shadows=1
Xmin=-1.30808241666243
Xmax=-0.00506976040929216
Ymin=-3.36964343985678
Ymax=-1.19017951945643
Zmin=-1.15344524672556
Zmax=0.914630337119832
