[Settings]
Attractor Type=25
A0=0.598688379395753
A1=-0.93328492064029
A2=0.0600644643418491
A3=-0.985917778685689
A4=-0.173517802264541
A5=-0.870176806114614
A6=-0.49784047389403
A7=-0.613373149186373
A8=-0.853963676374406
A9=-0.755829409696162
A10=0.818889718037099
A11=-0.494209265336394
A12=0.472154738847166
A13=0.789929521270096
A14=-0.558121977839619
A15=0.683497376739979
A16=0.633497931528836
A17=0.755617271177471
A18=0.0397850791923702
A19=0.39342107437551
A20=-0.849707142915577
A21=-0.998354039154947
A22=0.711058211978525
A23=0.609732035547495
A24=0.803058524150401
A25=-0.521049522794783
A26=0.952071073930711
A27=-0.977205378934741
A28=0.586097205523401
A29=-0.628555472008884
A30=-0.755596077535302
A31=0.35056871175766
A32=-0.860498725902289
A33=0.631054821424186
A34=0.605014517437667
A35=-0.535535799339414
A36=-0.746574336197227
A37=0.874083370901644
A38=0.943049644585699
A39=0.548398610204458
A40=0.538375955540687
A41=-0.892352075316012
A42=-0.432952736038715
A43=-0.990192165598273
A44=-0.144737911876291
A45=0.254950520582497
A46=-0.313720716629177
A47=-0.638639993965626
A48=-0.401032305788249
A49=0.948124165646732
A50=-0.750015043187886
A51=0.792122488841414
A52=0.429185061249882
A53=-0.442592359147966
A54=0.968244907911867
A55=0.646931994706392
A56=-0.457734282594174
A57=-0.0746015692129731
A58=0.858245778363198
A59=0.532717825844884
A60=0.0778366425074637
A61=0.775133778341114
A62=-0.840314498636872
A63=0.270528241991997
A64=-0.246067896019667
A65=-0.739250135608017
A66=-0.0369307999499142
A67=-0.587990047410131
A68=-0.675608882214874
A69=-0.370530887506902
A70=0.394645710941404
A71=0.539090733975172
A72=-0.0477294656448066
A73=0.463665618561208
A74=0.701734732370824
A75=-0.934384828433394
A76=-0.906976250465959
A77=0.471758705563843
A78=-0.917805402074009
A79=0.759683527052403
A80=0.98119504051283
A81=-0.703315396793187
A82=-0.398219325114042
A83=0.705443730577827
A84=0.31437952676788
A85=0.31069625262171
A86=0.0431443876586854
A87=-0.0769135020673275
A88=0.228198755998164
A89=0.865241236053407
A90=-0.969777133781463
A91=0.365793572738767
A92=0.156041915062815
A93=-0.0353321684524417
A94=0.271769219543785
A95=-0.487610906362534
A96=-0.332677334081382
A97=-0.167490807361901
A98=0.267773434054106
A99=0.27444408647716
A100=0.878001606557518
A101=0.339095653034747
A102=0.322523897048086
A103=0.436584081500769
A104=0.527124356944114
A105=-0.240754843689501
Rotation=0
Color Palette=kuler chocolate ice cream.MAP
Background Color=$00323232
Shadows=1
Xmin=-7.16760022204173
Xmax=5.11827368475496
Ymin=-1.82713330007777
Ymax=5.29099489467257
Zmin=-1.35553361280504
Zmax=5.1422095474873
