[Settings]
Attractor Type=16
A0=-0.30328155728057
A1=-0.450394926592708
A2=-0.402607490774244
A3=0.111011256463826
A4=0.342063614632934
A5=-0.240127578377724
A6=0.40042106853798
A7=-0.945464980788529
A8=0.551196634303778
A9=0.511155424639583
A10=-0.0748400180600584
A11=-0.278979047201574
A12=0.103442510124296
A13=0.400762718170881
A14=-0.83842960326001
A15=0.577364637516439
A16=0.418728362303227
A17=-0.544424002990127
A18=0.38029125565663
A19=-0.842086869291961
A20=-0.425448803696781
A21=-0.408111117780209
A22=0.306833632756025
A23=0.310436646454036
A24=-0.589163698721677
A25=-0.485301086679101
A26=-0.506959305610508
A27=-0.571571639738977
A28=-0.433563726488501
A29=0.275202665477991
A30=0.979563285131007
A31=0.138482338748872
A32=-0.208979335147887
A33=0.205243991687894
A34=-0.156898861285299
A35=0.411499594338238
A36=0.376106256153435
A37=0.447465389966965
A38=-0.27784028602764
A39=-0.433527735061944
A40=-0.951022044289857
A41=0.799912495538592
A42=0.915072655770928
A43=-0.864404081366956
A44=-0.826749677304178
A45=0.0938416980206966
A46=-0.855960119049996
A47=-0.940540016628802
A48=0.599819715600461
A49=-0.176519116386771
A50=0.578931289259344
A51=-0.818933698348701
A52=-0.988042934332043
A53=0.246493302285671
A54=-0.785393900703639
A55=0.507425810210407
A56=0.108291275333613
A57=0.673894559964538
A58=-0.804502190556377
A59=-0.792516655288637
A60=-0.532566758338362
A61=0.168172735720873
A62=-0.818785216193646
A63=0.815120569430292
A64=-0.562009495217353
A65=-0.631638376042247
A66=0.346906463149935
A67=0.605987031944096
A68=0.897722521331161
A69=0.660817101597786
A70=0.112145200837404
A71=0.616909342817962
A72=0.225586562883109
A73=0.41444662027061
A74=0.192073723766953
A75=0.276628480292857
A76=0.330424239393324
A77=-0.500858176499605
A78=0.0645682183094323
A79=0.116615219973028
A80=-0.919961352366954
A81=0.806164288893342
A82=-0.552832958754152
A83=0.530713689513505
A84=0.974412144627422
A85=0.989234395325184
A86=-0.122484944295138
A87=0.0523630483075976
A88=0.406814746093005
A89=0.145073315128684
A90=-0.00892640789970756
A91=0.118147292174399
A92=-0.643446850124747
A93=-0.347851868718863
A94=-0.410153965931386
A95=-0.213576816953719
A96=0.857110384386033
A97=0.88637007959187
A98=0.0958690294064581
A99=0.379776303656399
A100=0.0834260820411146
A101=0.03249591588974
A102=-0.516780673991889
A103=0.520055237226188
A104=-0.597932622302324
A105=0.709982408210635
Rotation=0
Color Palette=IFS22.MAP
Background Color=$00232323
Shadows=1
Xmin=-7.6146486299833
Xmax=1.06693734332418
Ymin=0.889143883446637
Ymax=7.392089819343
Zmin=-7.92209804508164
Zmax=-1.23822313408401
