[Settings]
Attractor Type=25
A0=-0.920048251282424
A1=0.934183049015701
A2=-0.0780900721438229
A3=-0.960412384942174
A4=0.00414954731240869
A5=0.612611846067011
A6=-0.392887691501528
A7=-0.0398116298019886
A8=-0.77341804234311
A9=0.554338946007192
A10=0.125682424288243
A11=0.913258904591203
A12=-0.654231218155473
A13=-0.316884296946228
A14=-0.747861234936863
A15=0.0502002611756325
A16=-0.98724179668352
A17=0.224397878162563
A18=0.464834354352206
A19=0.0181486513465643
A20=-0.759913252200931
A21=-0.374854556284845
A22=0.41995577281341
A23=0.704970572143793
A24=0.00175486924126744
A25=-0.0712994867935777
A26=-0.299087193328887
A27=0.361211048439145
A28=0.717968160752207
A29=0.573493395932019
A30=0.686868721153587
A31=0.317745000123978
A32=0.718394190538675
A33=-0.91567322332412
A34=0.88416115893051
A35=-0.98211826570332
A36=0.277684962842613
A37=0.624988020397723
A38=0.564363663550466
A39=-0.41732743754983
A40=-0.682984996121377
A41=-0.119060398079455
A42=0.0527378278784454
A43=-0.371828457340598
A44=-0.63461492722854
A45=-0.759162339381874
A46=0.510826067533344
A47=0.553399346768856
A48=0.874441497493535
A49=-0.254371319897473
A50=0.556935019325465
A51=0.0177602525800467
A52=0.480561135802418
A53=-0.226025707088411
A54=-0.431740435305983
A55=-0.173337738960981
A56=-0.692048038821667
A57=0.932754210196435
A58=-0.991602521855384
A59=-0.0559096615761518
A60=-0.0934807262383401
A61=-0.87860272359103
A62=-0.375995299313217
A63=-0.149117216467857
A64=-0.081752463709563
A65=-0.761209351010621
A66=0.854341238271445
A67=0.967460719868541
A68=-0.934152164962143
A69=0.501517103053629
A70=-0.702542314771563
A71=0.359760712832212
A72=0.55742096574977
A73=-0.157829538919032
A74=-0.423227627296001
A75=0.447120511904359
A76=0.500886144582182
A77=-0.643500852398574
A78=-0.548210857901722
A79=-0.0691320821642876
A80=-0.578074655961245
A81=0.268127868883312
A82=-0.483294256497175
A83=-0.337637225165963
A84=0.479193253908306
A85=0.379607417620718
A86=0.330662859138101
A87=-0.330757912248373
A88=-0.529457132797688
A89=0.478542602621019
A90=0.323383751790971
A91=0.058618264272809
A92=0.224016691092402
A93=-0.332451696507633
A94=0.319954538252205
A95=-0.98401951789856
A96=-0.532646417152137
A97=0.0867836503311992
A98=-0.971504912246019
A99=-0.38145081885159
A100=-0.23023878922686
A101=-0.00218567159026861
A102=0.334470545407385
A103=-0.318166319280863
A104=-0.350295859854668
A105=0.697553007863462
Rotation=359
Color Palette=fluid cyan orange red.MAP
Background Color=$00323232
Shadows=1
Xmin=-9.72222222222222
Xmax=9.25925925925925
Ymin=-4.74467592592593
Ymax=6.27060185185185
Zmin=-2.65322949432659
Zmax=5.22091754257166
