[Settings]
Attractor Type=24
A0=-0.986809358466417
A1=0.43668027035892
A2=0.458683258388191
A3=-0.941242425702512
A4=0.845851813908666
A5=-0.102934781461954
A6=-0.857512194197625
A7=0.869601218961179
A8=-0.728716049809009
A9=-0.0591576602309942
A10=0.247189986053854
A11=-0.664133134298027
A12=0.884745286311954
A13=-0.739388592541218
A14=-0.682668365072459
A15=0.0879785371944308
A16=0.876930154394358
A17=0.502715175971389
A18=0.548981992993504
A19=0.428059780038893
A20=0.867343006189913
A21=0.80910949781537
A22=0.374088291544467
A23=-0.373313405551016
A24=0.263063061516732
A25=-0.0138134341686964
A26=-0.820408036466688
A27=-0.106531511060894
A28=0.986649581696838
A29=-0.480698719620705
A30=-0.744939520489425
A31=0.490207660011947
A32=-0.0830622320063412
A33=0.151750741526484
A34=-0.437415191438049
A35=-0.0446137031540275
A36=-0.113524714950472
A37=0.246956866234541
A38=0.422692504245788
A39=-0.0912679890170693
A40=0.579349409323186
A41=-0.347397869452834
A42=-0.289973584469408
A43=0.404611391015351
A44=-0.826845197472721
A45=0.285468436777592
A46=0.652539022732526
A47=-0.696998317725956
A48=-0.93114808993414
A49=-0.844270894303918
A50=-0.172047601547092
A51=0.626790591515601
A52=-0.447734015528113
A53=0.049443993717432
A54=0.451233793515712
A55=-0.625845783390105
A56=-0.269023266155273
A57=0.588007735088468
A58=0.54683684790507
A59=0.754763101227581
A60=0.590348595287651
A61=-0.116698890924454
A62=0.0994584267027676
A63=0.318566414527595
A64=-0.487548366654664
A65=0.507295532152057
A66=-0.222938918974251
A67=-0.0540957441553473
A68=0.101623063441366
A69=0.994860675185919
A70=0.319911133963615
A71=-0.832301915623248
A72=0.660419400315732
A73=-0.401474794372916
A74=0.189382391516119
A75=-0.215530726127326
A76=-0.84029076853767
A77=0.513940654695034
A78=-0.429724521469325
A79=0.252935792319477
A80=-0.953343384433538
A81=0.294798409566283
A82=-0.679597200360149
A83=0.808937006630003
A84=0.734345105942339
A85=0.675949830561876
A86=-0.0388108748011291
A87=0.795436612330377
A88=0.116792398970574
A89=0.523479493334889
A90=0.303037802223116
A91=0.164353688247502
A92=-0.0468943924643099
A93=0.13048155605793
A94=-0.200787409674376
A95=-0.379028123803437
A96=0.464527159463614
A97=-0.422710748389363
A98=-0.778014877345413
A99=0.379676685668528
A100=-0.0118786790408194
A101=-0.62509249523282
A102=0.754797991830856
A103=0.999770923517644
A104=-0.969148654956371
A105=0.11039867438376
Rotation=0
Color Palette=Flame 684_Zinfandel.map
Background Color=$00323232
Shadows=1
Xmin=-4.13106103773818
Xmax=5.5212987917153
Ymin=0.57717757893119
Ymax=6.17263602076915
Zmin=-0.332203574907055
Zmax=5.47407527859719
