[Settings]
Attractor Type=17
A0=0.903164892457426
A1=0.654007102828473
A2=0.991482028737664
A3=0.498008059803396
A4=-0.859444621019065
A5=0.47367857536301
A6=-0.904768534004688
A7=-0.747300005983561
A8=0.138660664670169
A9=-0.187957548070699
A10=0.649284964427352
A11=0.949372439179569
A12=0.330219530500472
A13=-0.308320643845946
A14=0.56097923591733
A15=0.596876923460513
A16=0.620329461060464
A17=-0.557724070269614
A18=0.999743582680821
A19=0.147340426687151
A20=-0.205472300760448
A21=-0.383969894144684
A22=-0.650873735547066
A23=-0.86870278371498
A24=0.0694504259154201
A25=-0.384052992332727
A26=-0.276726009324193
A27=-0.884913691785187
A28=-0.245179935358465
A29=0.880775471683592
A30=0.26661453768611
A31=-0.925735447090119
A32=0.495510711334646
A33=0.970335196238011
A34=0.955492490902543
A35=-0.723214653786272
A36=-0.937558311037719
A37=0.394984514918178
A38=-0.87949188798666
A39=-0.230307034682482
A40=0.161049227230251
A41=0.532978795003146
A42=0.408309331163764
A43=0.0630825296975672
A44=-0.773913732729852
A45=-0.520530539099127
A46=-0.59841313585639
A47=-0.894924412947148
A48=0.671500391326845
A49=-0.829106357414275
A50=0.616022454574704
A51=-0.858438675757498
A52=-0.435860122554004
A53=-0.371495550964028
A54=-0.907059758901596
A55=-0.445546596776694
A56=-0.809962120838463
A57=0.664791866671294
A58=0.306411249563098
A59=-0.727787578012794
A60=-0.517975269816816
A61=-0.103455717209727
A62=-0.396438989788294
A63=0.846384000498801
A64=-0.222581625916064
A65=0.408300634007901
A66=-0.10316970013082
A67=-0.212097508367151
A68=-0.125457081012428
A69=-0.090056820306927
A70=0.826939009130001
A71=-0.74308968288824
A72=-0.143174682743847
A73=-0.267819099593908
A74=-0.884696865454316
A75=0.699842928443104
A76=-0.346779829822481
A77=0.503673521336168
A78=0.324654895812273
A79=-0.472470607142895
A80=-0.196287342347205
A81=-0.146453839261085
A82=0.746615977957845
A83=-0.571941395755857
A84=-0.601350407116115
A85=-0.0169553966261446
A86=0.634973898530006
A87=-0.591838880907744
A88=-0.339351397939026
A89=-0.549918801058084
A90=0.503411499783397
A91=0.156856617424637
A92=0.137835429050028
A93=0.0104213855229318
A94=0.706439565867186
A95=0.825116988737136
A96=0.977159365080297
A97=-0.140739161986858
A98=-0.977717434987426
A99=-0.184704957064241
A100=-0.753463196568191
A101=-0.883056758437306
A102=-0.543532483279705
A103=-0.325931153725833
A104=-0.225427080877125
A105=-0.0974313099868596
Rotation=0
Color Palette=IFS06.MAP
Background Color=$00232323
Shadows=1
Xmin=-4.14797763914343
Xmax=3.7009623722746
Ymin=-3.62327744426049
Ymax=0.751012658018832
Zmin=-3.3797790768998
Zmax=0.33247082476749
