[Settings]
Attractor Type=15
A0=-0.812705001613081
A1=-0.0976243971014392
A2=0.134753545389789
A3=-0.556446339783281
A4=-0.355105307023911
A5=0.0441434081109181
A6=0.508121745165075
A7=0.0671210357014556
A8=0.818970117714023
A9=-0.537185672290653
A10=0.399226773129126
A11=1.01657839199784
A12=-0.991833001177271
A13=-0.534302640680211
A14=0.486509782436432
A15=0.33747214768141
A16=-0.70737637382972
A17=0.457296519598759
A18=-1.06474675115592
A19=-0.412257969481614
A20=-0.682802944663844
A21=-0.0630491703912494
A22=0.312844525963176
A23=0.733331140915676
A24=-0.745692991960876
A25=0.569521850319266
A26=-0.334408853795095
A27=0.621654026248561
A28=-0.987796240236864
A29=0.49282624476868
A30=-0.932278258482166
A31=0.135273841144056
A32=0.187126697984335
A33=-0.560559804863121
A34=0.149761469312362
A35=-0.113898527342826
A36=-0.622132120653987
A37=-0.354555179830641
A38=-0.615035782568157
A39=0.380285450723022
A40=0.793266758322716
A41=0.278818533290178
A42=0.503651249222457
A43=0.58242231560871
A44=-0.904493512585759
A45=-0.511971422936767
A46=-0.759069665335119
A47=0.730821450706571
A48=-0.823182422667742
A49=-0.262354526203126
A50=-0.563256070949137
A51=-0.889355648774654
A52=-0.609746402129531
A53=0.929167541209608
A54=0.779735964722931
A55=0.570872397627681
A56=-0.490469954907894
A57=-0.924784771632403
A58=0.553223530761898
A59=-0.87083474593237
A60=-0.871683666482568
A61=-0.829008923377842
A62=0.367496677674353
A63=-0.49164010817185
A64=0.717730913311243
A65=-0.643244694452733
A66=-0.652803652919829
A67=0.948360237758607
A68=0.0607895124703646
A69=-0.0349329761229455
A70=-0.257479573599994
A71=-0.862832552287728
A72=-0.717443495988846
A73=-0.453458934556693
A74=-0.566992071457207
A75=0.604800804983824
A76=0.194749398157001
A77=0.467870450112969
A78=0.292651296593249
A79=0.423859243746847
A80=0.173546459525824
A81=-0.824135530274361
A82=-0.114913166500628
A83=0.56047349749133
A84=-0.710652550682425
A85=0.721252399031073
A86=0.457613256759942
A87=0.71939887246117
A88=-0.0927625074982643
A89=-0.363997168373317
A90=-0.297211621887982
A91=0.0269986460916698
A92=0.476904070004821
A93=-0.242091359104961
A94=0.256353908218443
A95=0.395868090447038
A96=-0.269242864102125
A97=0.0961875659413636
A98=-0.59976161364466
A99=0.914849120657891
A100=0.00900235958397388
A101=0.331848422531039
A102=0.939388235099614
A103=-0.891814431641251
A104=0.930417492985725
A105=0.0465729390271008
Rotation=0
Color Palette=kuler dead presidents.MAP
Background Color=$00323232
Shadows=1
Xmin=-3.69344530592102
Xmax=7.18615557288585
Ymin=-4.79733904594082
Ymax=3.82571023885482
Zmin=-0.519829028130844
Zmax=6.12575654496848
