[Settings]
Attractor Type=17
A0=0.961845188714564
A1=-0.806856232184917
A2=-0.906838918805122
A3=0.433998643729836
A4=-0.894414034165442
A5=0.199089409824461
A6=-0.468258852377534
A7=0.540370884437114
A8=-0.981315700404346
A9=0.176659850906581
A10=-0.914308076530695
A11=-0.058890632417053
A12=0.705907529465854
A13=0.594581951703876
A14=-0.527983341738582
A15=0.410725824136287
A16=0.660063100196421
A17=0.592273120176047
A18=-0.321003198325634
A19=-0.296313598092645
A20=0.564768406532705
A21=-0.372840194974095
A22=-0.140712117150426
A23=-0.563899894993752
A24=0.289602412231266
A25=0.813691580157727
A26=-0.152987674444914
A27=-0.174739560481161
A28=-0.775184591241181
A29=0.505008194502443
A30=0.849728896394372
A31=-0.0708557464592159
A32=0.541237308956683
A33=0.397201757859439
A34=-0.0314650146961212
A35=0.348133057821542
A36=-0.0999256642535329
A37=-0.639334932435304
A38=0.701731843873858
A39=-0.233911657240242
A40=0.225269080139697
A41=-0.580410236958414
A42=0.440407063812017
A43=0.0762075302191079
A44=-0.157997668720782
A45=-0.253948037046939
A46=0.847244659438729
A47=-0.214237136300653
A48=-0.219712349586189
A49=-0.541618807706982
A50=0.855200849473476
A51=-0.233921594452113
A52=0.929460193030536
A53=-0.83317255275324
A54=-0.166603291407228
A55=-0.0478850021027029
A56=-0.0888984864577651
A57=0.213185218628496
A58=-0.839761715382338
A59=0.0830708486028016
A60=-0.84295750502497
A61=0.935808140318841
A62=0.923489840701222
A63=0.0777477421797812
A64=-0.838805596344173
A65=-0.196235737297684
A66=0.96605022251606
A67=0.138432875741273
A68=-0.62604193110019
A69=-0.23611804889515
A70=-0.00381764955818653
A71=-0.822953680064529
A72=0.707961187697947
A73=0.644436409231275
A74=0.980945836752653
A75=0.657304104883224
A76=-0.876126245595515
A77=0.959226827602834
A78=-0.45841727219522
A79=-0.553353068884462
A80=0.265051615424454
A81=0.955794156994671
A82=0.569606371223927
A83=-0.228315494488925
A84=-0.390241851098835
A85=-0.748470493126661
A86=0.782343408092856
A87=0.870905502233654
A88=-0.890285930596292
A89=-0.0985768311657012
A90=-0.563321109861135
A91=-0.561596851330251
A92=-0.216274642385542
A93=-0.758795734960586
A94=-0.080245478078723
A95=0.452366436365992
A96=0.235139315016568
A97=0.349621021654457
A98=-0.564629971981049
A99=0.482086956966668
A100=-0.438121256418526
A101=-0.526388332713395
A102=0.504837645217776
A103=0.0672313631512225
A104=-0.372195749543607
A105=-0.739884043578058
Rotation=0
Color Palette=IFS07.MAP
Background Color=$00232323
Shadows=1
Xmin=-3.48757054343213
Xmax=3.72687182146068
Ymin=-3.20572696723991
Ymax=0.738278417683698
Zmin=-3.49880251131531
Zmax=-0.2599827851076
