[Settings]
Attractor Type=11
A0=0.322357162870467
A1=-0.411128332972527
A2=0.589652592949569
A3=0.114336260810494
A4=0.810114425249398
A5=-0.0491912816166878
A6=0.946624740801752
A7=0.54271684846282
A8=0.352374373391271
A9=0.973628488183022
A10=0.0148276220485568
A11=0.464450969293714
A12=-0.668027086958289
A13=0.457174883663654
A14=0.788949430987239
A15=-0.535304381266236
A16=0.767994032457471
A17=0.137791189849377
A18=-0.609974609985948
A19=-0.424959394320846
A20=-0.336157651051879
A21=0.962591949909925
A22=0.828365481220186
A23=0.622545708030462
A24=-0.0705338190048933
A25=-0.130449980020523
A26=-0.378987058654428
A27=-0.636736077591777
A28=-0.216372920498252
A29=-0.367336266458035
A30=-0.378270525790751
A31=-0.833935360461473
A32=0.0283568590432405
A33=-0.150713124454021
A34=0.308955917939544
A35=-0.260621682740748
A36=0.823187630157918
A37=0.106076681986451
A38=-0.944933590944856
A39=-0.950602459721267
A40=0.651266457047313
A41=0.228181250393391
A42=-0.466874204110354
A43=-0.427700926549733
A44=-0.0965935070998967
A45=-0.449909845367074
A46=0.813948316965252
A47=0.158973553217947
A48=-0.119552361313254
A49=-0.692063506692648
A50=0.237867434043437
A51=0.809428132139146
A52=0.574124875944108
A53=0.918891267850995
A54=-0.316781376954168
A55=0.377742533572018
A56=-0.933151459787041
A57=-0.644935250282288
A58=-0.689153790008277
A59=-0.330396768637002
A60=0.894375219475478
A61=-0.668139027431607
A62=-0.619124168064445
A63=0.901165754534304
A64=-0.784880722407252
A65=0.529535349458456
A66=-0.764497477095574
A67=0.987995116971433
A68=-0.870144997257739
A69=0.566705415025353
A70=-0.958455575164407
A71=0.632834372110665
A72=0.995559380855411
A73=0.944564692676067
A74=0.386512123513967
A75=-0.31904870737344
A76=-0.922854505944997
A77=-0.319450313225389
A78=0.321943609509617
A79=-0.28818682488054
A80=0.380836544092745
A81=0.850209999829531
A82=-0.052245135884732
A83=-0.664160230197012
A84=-0.987069499213248
A85=-0.243968425318599
A86=-0.8686439297162
A87=0.164984335191548
A88=-0.0922946245409548
A89=0.941963061690331
A90=-0.544716551434249
A91=-0.0741071822121739
A92=0.268215119373053
A93=0.772395310923457
A94=-0.0129032819531858
A95=-0.315608843229711
A96=-0.43627385282889
A97=0.794343989342451
A98=0.965292182285339
A99=0.650050713680685
A100=-0.572455514688045
A101=0.601585322991014
A102=0.99498144024983
A103=0.529581827111542
A104=-0.701016454491764
A105=-0.580505035817623
Rotation=0
Color Palette=Jason19.MAP
Background Color=$00323232
Shadows=1
Xmin=0.495999189655971
Xmax=3.01979197680702
Ymin=1.61893474928137
Ymax=3.67283675064299
Zmin=0.401079188834863
Zmax=4.38259209233424
