[Settings]
Attractor Type=16
A0=-0.770454732701182
A1=-0.979499538894743
A2=-0.687664072029293
A3=-0.378638467285782
A4=0.738484814763069
A5=-0.70215295208618
A6=-0.967765015549958
A7=-0.763703197706491
A8=0.638407973572612
A9=-0.336068728473037
A10=-0.103829874657094
A11=0.229401995893568
A12=0.500378262251616
A13=-0.897511306684464
A14=-0.0350909987464547
A15=0.114964585285634
A16=-0.551920866593719
A17=0.493167045060545
A18=-0.557157385163009
A19=0.445701302494854
A20=-0.601097159087658
A21=-0.308029435109347
A22=0.455207000486553
A23=-0.42613346176222
A24=0.244492432102561
A25=0.308969958219677
A26=-0.688366970978677
A27=-0.155998634640127
A28=-0.810513135045767
A29=-0.722972016315907
A30=0.724774337373674
A31=0.561073187272996
A32=0.967219250276685
A33=0.80529066408053
A34=-0.0472366167232394
A35=0.577756011392921
A36=0.151118218898773
A37=0.811194122303277
A38=-0.665754375047982
A39=0.844601347576827
A40=-0.719437586143613
A41=0.424737042281777
A42=0.184741825796664
A43=-0.233150268439204
A44=-0.980061892420053
A45=-0.341231245081872
A46=-0.476911515928805
A47=0.711632873397321
A48=-0.930350055918097
A49=0.839042949024588
A50=-0.403293612413108
A51=-0.490683569107205
A52=-0.952165193855762
A53=-0.112212992738932
A54=0.674447293393314
A55=0.292733408045024
A56=-0.938471192494035
A57=0.0545369670726359
A58=0.0757687324658036
A59=0.518058178480715
A60=0.186037410050631
A61=-0.812011893372983
A62=0.904986939392984
A63=0.511071133892983
A64=-0.42874133400619
A65=0.142611155752093
A66=0.459357907064259
A67=-0.617436042521149
A68=-0.60629041492939
A69=0.413784131873399
A70=0.779736566357315
A71=-0.343364477623254
A72=-0.62699437327683
A73=-0.40481019904837
A74=0.312564090825617
A75=-0.544371584895998
A76=-0.92845668271184
A77=-0.247771236579865
A78=0.151933326385915
A79=-0.414543916005641
A80=0.696135992184281
A81=0.30519816512242
A82=0.830482346005738
A83=-0.634929387364537
A84=-0.379647336900234
A85=-0.484013966750354
A86=0.127866129390895
A87=-0.456178881693631
A88=0.346310010179877
A89=-0.827968762721866
A90=0.86555636767298
A91=-0.849547224584967
A92=0.124667499214411
A93=-0.438700925093144
A94=0.156719393096864
A95=-0.382503536064178
A96=0.951575623825192
A97=0.332022482994944
A98=0.0799222337082028
A99=0.0247990428470075
A100=-0.83867272734642
A101=-0.669041126500815
A102=0.245416793040931
A103=-0.194055751431733
A104=0.333462221547961
A105=0.0139125944115222
Rotation=0
Color Palette=IFS07.MAP
Background Color=$00232323
Shadows=1
Xmin=-3.87274671095682
Xmax=2.69284805303215
Ymin=-0.685501423876314
Ymax=3.65247717883046
Zmin=-4.40518661985573
Zmax=0.0624292441931185
