[Settings]
Attractor Type=11
A0=0.305926150176674
A1=-0.391978650353849
A2=0.719917272683233
A3=-0.281374577432871
A4=0.568953376729041
A5=-0.0922481724992394
A6=-0.446349237579852
A7=0.623245248571038
A8=-0.925451231654733
A9=-0.138118031434715
A10=0.0234267576597631
A11=0.309548549354076
A12=-0.597833729814738
A13=-0.974603657610714
A14=-0.307257675100118
A15=-0.962108248844743
A16=0.567943482194096
A17=0.550760292448103
A18=0.182810900267214
A19=-0.291224371641874
A20=0.546552245039493
A21=-0.827827134169638
A22=0.968826937954873
A23=0.219168545678258
A24=0.927814851049334
A25=0.863647867925465
A26=-0.454628816340119
A27=-0.335467174649239
A28=0.801835880149156
A29=0.639673042111099
A30=0.304706573020667
A31=0.105304239317775
A32=0.466399660799652
A33=-0.53280262555927
A34=0.971714755054563
A35=0.116574626415968
A36=0.0503833559341729
A37=-0.242303476668894
A38=-0.0607767594046891
A39=0.839727634564042
A40=0.646935673896223
A41=-0.591933625750244
A42=0.347473175730556
A43=-0.24522241204977
A44=0.0501712043769658
A45=0.859094719402492
A46=-0.748522259760648
A47=-0.107838520780206
A48=-0.310869620647281
A49=0.140261062420905
A50=0.720021171029657
A51=0.702734086662531
A52=-0.147244940977544
A53=-0.630385451950133
A54=0.210048410575837
A55=-0.695283783599734
A56=0.79962974274531
A57=0.677480016835034
A58=0.0601953803561628
A59=-0.673653930425644
A60=-0.153761595021933
A61=0.0227421848103404
A62=0.447209879290313
A63=-0.937016265466809
A64=-0.97251304378733
A65=-0.129542051814497
A66=0.64901310717687
A67=-0.83258119598031
A68=0.423241328913718
A69=0.199546813033521
A70=-0.0418481868691742
A71=0.592131117358804
A72=0.744631188455969
A73=-0.190690550021827
A74=0.089391069021076
A75=0.00225462764501572
A76=-0.726130730938166
A77=0.393524373881519
A78=-0.574802332092077
A79=0.377994393929839
A80=-0.24866366526112
A81=0.350872748531401
A82=-0.0571358525194228
A83=-0.974753301590681
A84=-0.696318234782666
A85=-0.199558683671057
A86=0.167023438494653
A87=-0.286827711388469
A88=0.00668976688757539
A89=0.771053452976048
A90=-0.00869586179032922
A91=0.157472744584084
A92=-0.823338791262358
A93=-0.966821652837098
A94=-0.28712359117344
A95=0.568119971081614
A96=0.984061083290726
A97=0.542168305255473
A98=0.123638500925153
A99=-0.519711185246706
A100=0.483181592542678
A101=-0.038425819016993
A102=-0.998206098098308
A103=-0.412757193669677
A104=-0.348429141100496
A105=-0.764711069874465
Rotation=0
Color Palette=kuler drholwegneu.MAP
Background Color=$00232323
Shadows=1
Xmin=-0.318974682379503
Xmax=5.71589240930482
Ymin=-1.39732516322363
Ymax=6.22528848674357
Zmin=-0.168166943668166
Zmax=7.09359736296388
