[Settings]
Attractor Type=12
A0=-0.312801631633192
A1=-0.211090009659529
A2=0.331959162373096
A3=-0.00836701039224863
A4=-0.627994757611305
A5=-0.0168015044182539
A6=-0.41759326076135
A7=0.777568002231419
A8=-0.336474678013474
A9=-0.283179149031639
A10=-0.0353873218409717
A11=0.928990381769836
A12=-0.0277899806387722
A13=0.766155211254954
A14=-0.518926778342575
A15=-0.438591315411031
A16=0.890738835092634
A17=0.670282673090696
A18=0.20561182172969
A19=0.436030014418066
A20=-0.314403493423015
A21=-0.436126982793212
A22=-0.677192149218172
A23=-0.468096422962844
A24=0.0327907814644277
A25=0.230773575603962
A26=0.270940937567502
A27=-0.86435764003545
A28=0.341460816096514
A29=-0.902948776260018
A30=0.58220092812553
A31=-0.582527062855661
A32=-0.490873801056296
A33=0.382237497717142
A34=-0.486086528282613
A35=0.962363398633897
A36=-0.547673400957137
A37=0.127526836469769
A38=-0.935468768235296
A39=0.224979405291378
A40=0.256402039434761
A41=-0.680322051048279
A42=0.468140721786767
A43=0.377218368463218
A44=0.288163795601577
A45=-0.170631693676114
A46=0.761234766338021
A47=0.517071754671633
A48=0.115205918904394
A49=-0.617248240858316
A50=0.515500586945564
A51=0.707565515302122
A52=-0.424392614979297
A53=0.284969279542565
A54=0.330373513046652
A55=0.814528641290963
A56=-0.158225132618099
A57=-0.885637171566486
A58=0.179106317926198
A59=-0.388060157187283
A60=0.822176135610789
A61=-0.893857652321458
A62=0.20210417965427
A63=-0.876397646032274
A64=0.744714078959078
A65=-0.555744122713804
A66=0.0412752670235932
A67=-0.330103137530386
A68=-0.734508645255119
A69=0.180212797597051
A70=0.309146950487047
A71=-0.411637435667217
A72=-0.0532843382097781
A73=-0.00238980352878571
A74=0.28649763809517
A75=0.0968563435599208
A76=0.447495638858527
A77=0.541112361475825
A78=0.442254236433655
A79=0.268040076829493
A80=-0.72872261190787
A81=-0.471366602927446
A82=0.869405236560851
A83=-0.416053936816752
A84=0.413671623449773
A85=-0.6345270331949
A86=-0.769320575054735
A87=0.0393705787137151
A88=-0.2455785558559
A89=0.479155160486698
A90=0.307740219403058
A91=0.262845556251705
A92=-0.462739266920835
A93=-0.90627951361239
A94=-0.252354369964451
A95=0.623938390053809
A96=-0.218586819712073
A97=-0.337779011577368
A98=-0.899676154833287
A99=0.7956298654899
A100=-0.0315180686302483
A101=0.67616848833859
A102=-0.25918555771932
A103=-0.259479786269367
A104=0.84847986092791
A105=-0.92931404709816
Rotation=0
Color Palette=kuler chocolate ice cream.MAP
Background Color=$00323232
Shadows=1
Xmin=-3.08946745783684
Xmax=4.47086773762984
Ymin=-0.240917852989236
Ymax=4.30043654693864
Zmin=-2.16382002265714
Zmax=5.37084876232712
