[Settings]
Attractor Type=11
A0=0.396841740444303
A1=0.036397510394454
A2=0.502588489301503
A3=-0.613948170423508
A4=0.863309197150171
A5=-0.711131482511759
A6=0.749641865290701
A7=0.0149794959425926
A8=0.271993122294545
A9=0.363655751734972
A10=0.424207012340426
A11=-0.3435179926157
A12=-0.190908932313323
A13=0.170304322078824
A14=0.361587360955775
A15=0.847339004009962
A16=-0.98434760324657
A17=0.905842138677835
A18=-0.254035979703069
A19=0.864267413377762
A20=-0.712605071291327
A21=0.744788379997015
A22=0.291050634607673
A23=0.175415023505688
A24=-0.224027315743268
A25=0.674493418976665
A26=0.0577295922711492
A27=0.892502644717693
A28=0.727652544155717
A29=-0.683894856244326
A30=-0.456847113981843
A31=-0.531606556355953
A32=-0.293003911659122
A33=-0.191337250605226
A34=-0.35550401686877
A35=0.150154441595078
A36=0.941537589300424
A37=0.0680247275158763
A38=-0.044944301713258
A39=-0.803121643140912
A40=-0.392212295439094
A41=-0.986400126479566
A42=-0.989586348179728
A43=-0.60962388291955
A44=-0.444699156563729
A45=-0.366290868259966
A46=0.435787137132138
A47=-0.298073610290885
A48=0.839200811926275
A49=-0.302376124076545
A50=0.0457947417162359
A51=-0.454069294035435
A52=-0.261961765121669
A53=0.130812074057758
A54=-0.368649475742131
A55=-0.805169546976686
A56=-0.296624483074993
A57=0.137863093055785
A58=0.449288038071245
A59=0.602226991206408
A60=0.350387428421527
A61=0.530490628443658
A62=-0.26262502046302
A63=-0.647045103833079
A64=0.0832273163832724
A65=-0.770636240951717
A66=0.0984684615395963
A67=0.958858326077461
A68=0.44890894042328
A69=-0.591483873315156
A70=0.0975609119050205
A71=-0.780979486182332
A72=0.813453933689743
A73=-0.748916759155691
A74=0.915466596838087
A75=0.863196384161711
A76=0.454054888803512
A77=0.785117908380926
A78=0.402898769360036
A79=-0.802801704034209
A80=-0.338995931204408
A81=-0.231766211800277
A82=0.378687442746013
A83=-0.0310150906443596
A84=-0.0568622569553554
A85=-0.910172929055989
A86=-0.484112211037427
A87=-0.825796822085977
A88=-0.0694538517855108
A89=0.659626283682883
A90=0.659529162105173
A91=-0.980066534131765
A92=0.0682990741916001
A93=-0.748679780401289
A94=-0.0802452531643212
A95=0.7653877902776
A96=-0.305062924977392
A97=0.270013992674649
A98=-0.615898168180138
A99=-0.341688811779022
A100=0.5994783048518
A101=-0.087736782617867
A102=-0.207327291835099
A103=-0.314163791015744
A104=-0.34930902114138
A105=0.68743631336838
Rotation=0
Color Palette=Jason19.MAP
Background Color=$00323232
Shadows=1
Xmin=-0.637263541401749
Xmax=5.06910079974697
Ymin=0.381508683078662
Ymax=4.85052027496878
Zmin=-2.66304200034732
Zmax=4.23067339570759
