[Settings]
Attractor Type=11
A0=0.899129604003906
A1=0.246017076857805
A2=0.491513603027344
A3=0.126507819580078
A4=0.806282348365784
A5=-0.518364281143188
A6=0.332730968261719
A7=-0.226953658203125
A8=-0.102290290527344
A9=0.681127458265543
A10=-0.243639760253906
A11=-0.0251033965349197
A12=0.191438488929749
A13=0.0904879833984375
A14=0.414593093223572
A15=0.974015677520752
A16=0.0704523020073175
A17=0.150735479873657
A18=-0.681426709541321
A19=1.0346320078125
A20=0.570151787696838
A21=-0.411223301757813
A22=-0.524088231539846
A23=-0.261064041015625
A24=0.287841648750305
A25=0.477308620098352
A26=-0.404896410539269
A27=-0.674140126159668
A28=0.175660182167053
A29=0.393212538085938
A30=0.951541690917969
A31=0.703036396690846
A32=-0.317896789051414
A33=-0.614717757679701
A34=0.384534373344421
A35=-0.264260292053223
A36=0.294909477699548
A37=0.618361952714622
A38=0.905380740296096
A39=-0.652051853016019
A40=-0.608390444424003
A41=-0.768676369450986
A42=-0.626645053271204
A43=-0.517054859548807
A44=0.93870870443061
A45=0.809812157414854
A46=-0.107129130978137
A47=0.276438066735864
A48=-0.811525715049356
A49=-0.0161833195015788
A50=-0.042864038143307
A51=0.410772792994976
A52=-0.86582139832899
A53=-0.872586433775723
A54=-0.0248937238939106
A55=0.123600667342544
A56=0.428433863911778
A57=0.325441204942763
A58=0.979860482271761
A59=-0.875251363962889
A60=-0.157457228284329
A61=0.0452529406175017
A62=-0.137635481078178
A63=0.140042485669255
A64=-0.13938527321443
A65=0.482298125512898
A66=-0.0256231338717043
A67=-0.699166789650917
A68=-0.497802331577986
A69=0.0482812998816371
A70=-0.555755556095392
A71=-0.902023496106267
A72=-0.0328244655393064
A73=-0.0293505033478141
A74=0.0493391356430948
A75=0.119015377014875
A76=0.19668134720996
A77=0.472157671116292
A78=-0.0111150634475052
A79=0.287315899506211
A80=-0.0562240756116807
A81=0.499262255616486
A82=0.400925727095455
A83=0.821906067430973
A84=0.447642215061933
A85=-0.531907160766423
A86=-0.032816328573972
A87=0.636767795309424
A88=-0.694954739417881
A89=-0.00324802752584219
A90=0.449558240827173
A91=-0.60166796669364
A92=0.632807780522853
A93=-0.907306903041899
A94=0.502015862148255
A95=-0.0400729905813932
A96=0.115051383618265
A97=-0.236073399893939
A98=-0.398379808757454
A99=-0.608070403337479
A100=-0.971046596299857
A101=-0.477196005173028
A102=0.442453011404723
A103=0.326369805261493
A104=-0.15723063936457
A105=0.751130224205554
Rotation=0
Color Palette=kuler drholwegneu.MAP
Background Color=$00323232
Shadows=1
Xmin=-6.3078630491451
Xmax=9.40122606627498
Ymin=-2.09549233941421
Ymax=7.20103786035648
Zmin=-6.46541565001898
Zmax=7.28671014675186
