[Settings]
Attractor Type=19
A0=0.573033857159317
A1=-0.0248272423632443
A2=0.225945709273219
A3=0.661159744951874
A4=0.148761467076838
A5=-0.331646422389895
A6=-0.206139463931322
A7=0.157271888572723
A8=0.644434108398855
A9=0.884385775309056
A10=-0.127086644992232
A11=0.0997295104898512
A12=-0.143638270907104
A13=-0.739419190678746
A14=-0.571529947221279
A15=0.709405012894422
A16=-0.640878816135228
A17=0.520897171925753
A18=-0.164305815473199
A19=0.138971640262753
A20=-0.199643961153924
A21=0.824939412530512
A22=-0.00045790895819664
A23=0.947879065293819
A24=-0.349345498718321
A25=0.392347786109895
A26=-0.148288859054446
A27=0.46209459984675
A28=-0.622744525782764
A29=0.246328526642174
A30=-0.55670890212059
A31=-0.887639969121665
A32=-0.489667263813317
A33=0.420074745547026
A34=-0.64813138730824
A35=-0.655285918619484
A36=-0.429392754100263
A37=0.469827955123037
A38=0.621834840625525
A39=0.197030496317893
A40=-0.672962428070605
A41=-0.361669783014804
A42=0.956646183505654
A43=-0.864678246434778
A44=0.353338447399437
A45=0.512416915502399
A46=0.381788156926632
A47=-0.756441600155085
A48=0.352077449671924
A49=0.51850015623495
A50=0.097192382439971
A51=0.36075401166454
A52=-0.784900194965303
A53=0.0996927893720567
A54=0.737856704741716
A55=-0.740934218745679
A56=0.289031318388879
A57=0.918323058169335
A58=0.761418433859944
A59=0.456660727504641
A60=0.814609427936375
A61=-0.0724101276136935
A62=0.181430712342262
A63=-0.240902468096465
A64=0.00859238486737013
A65=-0.343891293276101
A66=-0.634907992556691
A67=-0.877026000525802
A68=-0.243003441952169
A69=-0.450901875738055
A70=-0.885821271687746
A71=-0.0644098552875221
A72=-0.611588136292994
A73=-0.290043075103313
A74=0.747930968180299
A75=0.304376902524382
A76=0.496145320124924
A77=0.88598191877827
A78=-0.593358628451824
A79=0.449840464163572
A80=0.277942727319896
A81=-0.958023675251752
A82=0.294697126373649
A83=0.795772238168865
A84=0.362038471736014
A85=-0.634501206222922
A86=0.0818250812590122
A87=-0.149525563698262
A88=0.58828345593065
A89=-0.952496942598373
A90=0.181289987638593
A91=-0.52724871551618
A92=-0.28689884673804
A93=0.682118201162666
A94=-0.876204133033752
A95=-0.383584141265601
A96=-0.492978212423623
A97=0.629319563042372
A98=-0.254159497097135
A99=-0.852937453892082
A100=-0.786455362103879
A101=-0.81575974309817
A102=-0.588726941496134
A103=-0.175144869368523
A104=-0.161921531893313
A105=-0.10312667908147
Rotation=0
Color Palette=IFS15.MAP
Background Color=$00232323
Shadows=1
Xmin=-9.5212323611135
Xmax=3.07526734907648
Ymin=-4.7942641391342
Ymax=6.85835489654422
Zmin=-9.97270741045174
Zmax=-0.474573159930169
