[Settings]
Attractor Type=18
A0=0.977334255352616
A1=0.837898465339094
A2=0.877528768964112
A3=-0.731972663197666
A4=-0.776240669190884
A5=0.726134606171399
A6=-0.10581483412534
A7=-0.296702839899808
A8=-0.466905483976007
A9=-0.197024749126285
A10=-0.744616142474115
A11=0.0251273340545595
A12=0.875725839287043
A13=-0.044981490354985
A14=-0.93254476133734
A15=-0.368130948860198
A16=0.0769053567200899
A17=-0.0239948681555688
A18=0.136505399830639
A19=0.24106448283419
A20=-0.340597480535507
A21=-0.34492465807125
A22=0.784700307063758
A23=-0.154132321942598
A24=-0.99939133413136
A25=0.437291300389916
A26=0.527878106571734
A27=0.978106086608022
A28=-0.977155361324549
A29=-0.249824810307473
A30=0.0832395544275641
A31=0.621732707601041
A32=-0.864378472790122
A33=0.59001292521134
A34=-0.324133428744972
A35=-0.379581137094647
A36=-0.351395465433598
A37=0.461673491168767
A38=0.112818921916187
A39=-0.0769624044187367
A40=-0.625970030203462
A41=0.265693901572376
A42=-0.406440979801118
A43=0.51078769331798
A44=0.637325365096331
A45=0.226379786152393
A46=-0.274545141495764
A47=-0.650291663128883
A48=0.414682717993855
A49=0.454671601299196
A50=0.713111062534153
A51=-0.787665626499802
A52=0.81633485853672
A53=0.239526466000825
A54=0.19027807097882
A55=-0.28775778459385
A56=0.634284941479564
A57=0.661565622780472
A58=0.663089440204203
A59=0.395236363168806
A60=0.173239063471556
A61=-0.377262476366013
A62=-0.96662272606045
A63=0.230926554184407
A64=0.0834920052438974
A65=0.885746540967375
A66=0.17081577796489
A67=-0.6515544638969
A68=-0.585483901202679
A69=-0.783002696465701
A70=-0.997357060201466
A71=-0.639942534733564
A72=0.608003219589591
A73=0.226804657373577
A74=0.0897103333845735
A75=-0.883593069855124
A76=-0.350890096276999
A77=0.000619251746684313
A78=0.157611048780382
A79=-0.762841400224715
A80=0.0946555901318789
A81=0.115018750075251
A82=-0.448364253155887
A83=-0.739222502801567
A84=0.197023987770081
A85=0.132214665878564
A86=-0.915693161077797
A87=-0.242800102103502
A88=0.842517567798495
A89=0.166824823711067
A90=-0.755759208463132
A91=0.247144853230566
A92=0.522915180772543
A93=0.61866144509986
A94=-0.764911443926394
A95=0.271816338878125
A96=0.0589827988296747
A97=0.665284859482199
A98=-0.186695876531303
A99=-0.543253971729428
A100=0.294687382876873
A101=-0.391927159857005
A102=0.393491203896701
A103=0.913526691030711
A104=0.480863874778152
A105=-0.334444434847683
Rotation=0
Color Palette=IFS17.MAP
Background Color=$00232323
Shadows=1
Xmin=-5.29949806561991
Xmax=3.03676968507056
Ymin=-4.19788667833288
Ymax=2.04922054905948
Zmin=-3.68220396909226
Zmax=1.29536680889455
