[Settings]
Attractor Type=15
A0=0.889972575940192
A1=-0.529956417623907
A2=0.960170362144709
A3=-0.823442469816655
A4=-0.328267627395689
A5=-0.363835122901946
A6=-0.48706473223865
A7=0.72890859330073
A8=0.264792238362134
A9=-0.798653668258339
A10=0.555050045251846
A11=-0.895495622884482
A12=-0.612197485752404
A13=0.141163870226592
A14=-0.623984592035413
A15=-0.691046082880348
A16=0.359335721470416
A17=0.00111681735143065
A18=-0.0334884263575077
A19=0.111576270777732
A20=0.60557699110359
A21=-0.689919952768832
A22=-0.539340993389487
A23=-0.868295771535486
A24=-0.533157381229103
A25=0.487896756734699
A26=0.048982284963131
A27=-0.72149635059759
A28=0.7716767443344
A29=0.590861863922328
A30=0.0808270927518606
A31=-0.861941577401012
A32=-0.852723843418062
A33=0.738846031483263
A34=0.574980337172747
A35=0.401471052784473
A36=-0.465006777085364
A37=-0.432189684826881
A38=-0.142756609246135
A39=-0.0722711286507547
A40=-0.120333055965602
A41=0.551461437251419
A42=-0.456291541457176
A43=0.535085872281343
A44=-0.538467866368592
A45=-0.464202315080911
A46=-0.411511929705739
A47=-0.885289826896042
A48=-0.160543276928365
A49=-0.669704566244036
A50=0.614647697657347
A51=-0.839652899187058
A52=-0.125742808915675
A53=0.699486296158284
A54=0.247091496363282
A55=-0.692252097185701
A56=0.800842118449509
A57=-0.401325105223805
A58=0.6661511734128
A59=-0.0223859171383083
A60=-0.182066132314503
A61=0.997547260951251
A62=-0.899372020736337
A63=0.715807361993939
A64=-0.83588161226362
A65=0.135419858153909
A66=-0.520962174981833
A67=-0.675424735527486
A68=0.148973143659532
A69=0.551879230421036
A70=-0.0421904753893614
A71=0.37854232871905
A72=0.108023171313107
A73=0.736562275793403
A74=-0.454813838005066
A75=-0.780783056747168
A76=0.75027525704354
A77=-0.258172855246812
A78=-0.460420416668057
A79=0.0217638076283038
A80=0.867080242373049
A81=0.602064763661474
A82=0.00112801417708397
A83=-0.972207981627434
A84=0.871073453687131
A85=0.903400983195752
A86=-0.0247931983321905
A87=0.537908779922873
A88=-0.866056743077934
A89=0.347539351787418
A90=0.686642281711102
A91=-0.242211259435862
A92=0.591777737252414
A93=-0.346505485940725
A94=-0.576621228829026
A95=-0.908491046633571
A96=0.586739503778517
A97=-0.359033765736967
A98=0.328348685055971
A99=0.97589946212247
A100=-0.586181380786002
A101=-0.160895955283195
A102=0.81829577870667
A103=0.849659512285143
A104=-0.458586345426738
A105=0.464412519242615
Rotation=0
Color Palette=kuler fire and ice.MAP
Background Color=$00323232
Shadows=1
Xmin=-9.36618011230211
Xmax=7.55097435981857
Ymin=-4.56017552763985
Ymax=7.37403039313336
Zmin=-6.09202725675862
Zmax=1.57495761249264
