[Settings]
Attractor Type=17
A0=-0.978594660758972
A1=0.9987503294833
A2=-0.359870311804116
A3=0.152036800514907
A4=-0.604684637859464
A5=0.323880201671273
A6=-0.505150287412107
A7=-0.673150385264307
A8=-0.445260230451822
A9=0.444288295228034
A10=0.195742337964475
A11=0.737682904582471
A12=-0.798696091398597
A13=0.941831814590842
A14=0.52074593026191
A15=0.117490218486637
A16=-0.283915884792805
A17=-0.196564591955394
A18=-0.687801425345242
A19=-0.283463798929006
A20=0.0432747062295675
A21=-0.285573871340603
A22=-0.681487119756639
A23=-0.614229383412749
A24=-0.517941903322935
A25=0.892884020227939
A26=-0.259071090258658
A27=-0.814407002646476
A28=0.105428041890264
A29=0.0587583282031119
A30=-0.545904765836895
A31=-0.636242082808167
A32=0.0247160047292709
A33=-0.368500664364547
A34=-0.630771887488663
A35=0.046170889865607
A36=-0.781429352238774
A37=-0.250044175889343
A38=0.908598796464503
A39=-0.515675107482821
A40=0.145140450447798
A41=0.208288159687072
A42=0.0600989600643516
A43=0.20312751410529
A44=-0.143790548667312
A45=-0.0983529961667955
A46=0.980634254403412
A47=0.892868728842586
A48=0.83203611522913
A49=-0.124632350634784
A50=-0.382904012687504
A51=0.38907929463312
A52=0.255645325407386
A53=0.571429981384426
A54=0.313660928048193
A55=0.584029776509851
A56=-0.0546764992177486
A57=0.365934063214809
A58=0.874169236980379
A59=-0.386379804927856
A60=-0.335933161899447
A61=0.991341347340494
A62=0.0483305202797055
A63=-0.836589700076729
A64=-0.975267320871353
A65=-0.0627684886567295
A66=-0.0894919903948903
A67=0.237540468107909
A68=-0.290355997160077
A69=0.423324918840081
A70=0.0998308667913079
A71=0.234293227549642
A72=0.223397042602301
A73=0.0385207054205239
A74=-0.609615386463702
A75=0.672045405488461
A76=-0.102377971634269
A77=-0.360299510415643
A78=0.56022968608886
A79=-0.590639098081738
A80=-0.633552946150303
A81=0.604047708678991
A82=-0.972001885063946
A83=-0.297025911975652
A84=-0.768584931269288
A85=-0.971367420163006
A86=0.225818329490721
A87=0.947413829620928
A88=-0.865396004170179
A89=-0.0289873140864074
A90=-0.822681912221015
A91=0.440018135588616
A92=-0.0413000266999006
A93=-0.675400813575834
A94=0.249455531127751
A95=0.0150894313119352
A96=0.372773721814156
A97=-0.577461346518248
A98=-0.453071636147797
A99=-0.109059542883188
A100=-0.557489963248372
A101=0.963860532734543
A102=0.917911157943308
A103=0.573580791708082
A104=-0.476359594613314
A105=0.35564022930339
Rotation=0
Color Palette=IFS02.MAP
Background Color=$00232323
Shadows=1
Xmin=-6.09148640908911
Xmax=5.3222137993859
Ymin=-4.01972036774679
Ymax=3.19711147289818
Zmin=-4.40850377874569
Zmax=0.471805302337791
