[Settings]
Attractor Type=25
A0=0.593743486329913
A1=-0.916431569959968
A2=0.0997788915410638
A3=-0.772314304951578
A4=-0.341378901153803
A5=-0.944050419609994
A6=-0.81592804286629
A7=0.673196967225522
A8=0.566954055801034
A9=-0.19576827948913
A10=0.972241309471428
A11=0.916196362581104
A12=-0.365488924086094
A13=-0.886198587249964
A14=0.923934604041278
A15=-0.581503622699529
A16=0.488225733861327
A17=0.208681999240071
A18=0.106045895256102
A19=-0.251545997802168
A20=-0.360683422535658
A21=0.4921341878362
A22=-0.729281433857977
A23=-0.154014628846198
A24=-0.816639630123973
A25=-0.0779777369461954
A26=-0.892823616974056
A27=-0.843278965447098
A28=-0.15393154323101
A29=-0.885304077994078
A30=-0.863867324776947
A31=0.97905185772106
A32=0.0935162585228682
A33=-0.228862264659256
A34=0.215527639724314
A35=0.867815544363111
A36=-0.474424112588167
A37=0.519126233179122
A38=0.126343770883977
A39=0.438373785000294
A40=-0.728698110207915
A41=-0.234835383947939
A42=0.207249415107071
A43=0.414830030407757
A44=0.605020113289356
A45=-0.350074909161776
A46=-0.493179549463093
A47=-0.73386210994795
A48=-0.498130301013589
A49=-0.299041168298572
A50=-0.577909908257425
A51=0.273850155528635
A52=-0.648451801389456
A53=-0.723578433971852
A54=0.29217681940645
A55=0.375258448999375
A56=0.549009816721082
A57=0.393564785365015
A58=-0.0842595649883151
A59=0.625673496630043
A60=0.180866777896881
A61=-0.964257418643683
A62=0.461016240529716
A63=0.623596027027816
A64=-0.473756181076169
A65=-0.468315893318504
A66=0.73717734310776
A67=-0.257471705321223
A68=-0.409164194017649
A69=-0.899218339007348
A70=-0.704224915243685
A71=0.513176228385419
A72=-0.607081523165107
A73=0.158144401852041
A74=0.33100759703666
A75=-0.000207795295864344
A76=0.220062308013439
A77=0.473167680669576
A78=0.847566480748355
A79=-0.485591553617269
A80=-0.424700492992997
A81=-0.224631996359676
A82=0.0648116106167436
A83=-0.487288954202086
A84=-0.968505870550871
A85=-0.0987663823179901
A86=0.526024064980447
A87=-0.9846953866072
A88=0.712665321305394
A89=0.075840721372515
A90=0.881487180478871
A91=-0.60188244888559
A92=-0.378986313939095
A93=-0.577014699112624
A94=0.8141457317397
A95=0.895697950851172
A96=-0.471599223092198
A97=-0.702419409062713
A98=-0.923406763933599
A99=0.66115011787042
A100=0.651031713932753
A101=0.534070160705596
A102=0.108137383125722
A103=-0.273538280744106
A104=-0.17390907369554
A105=-0.795393375214189
Rotation=0
Color Palette=Kalahari2.map
Background Color=$00323232
Shadows=1
Xmin=-3.42528594443228
Xmax=4.5951313289865
Ymin=-1.10886310159451
Ymax=3.5379661561925
Zmin=-3.36714642656855
Zmax=4.84339649891336
