[Settings]
Attractor Type=21
A0=0.548789540305734
A1=0.460601525846869
A2=-0.884947749786079
A3=-0.439939363393933
A4=0.627880297601223
A5=-0.42411322100088
A6=-0.164442275650799
A7=0.607593424152583
A8=-0.286381805315614
A9=-0.639819563832134
A10=0.111218743957579
A11=0.637721566017717
A12=0.527670998126268
A13=-0.231010701041669
A14=0.955409160815179
A15=0.396513539832085
A16=0.696377189829946
A17=-0.0860137543641031
A18=0.326395709998906
A19=-0.825185260269791
A20=-0.328477665781975
A21=-0.4581079329364
A22=0.896747189573944
A23=-0.469706625211984
A24=-0.284431429579854
A25=0.835622927639633
A26=-0.56592823471874
A27=0.0661269924603403
A28=-0.829912770539522
A29=-0.368546548765153
A30=-0.738167599774897
A31=-0.389920372981578
A32=0.726144576445222
A33=-0.354054567869753
A34=-0.231009590439498
A35=0.637719572987407
A36=-0.0846093222498894
A37=-0.193607829045504
A38=-0.562772859819233
A39=0.28352778358385
A40=-0.459398606792092
A41=-0.721471564378589
A42=-0.64550622459501
A43=-0.216353105846792
A44=0.264423493295908
A45=-0.714743952732533
A46=0.683639264665544
A47=-0.305979129392654
A48=0.0750729013234377
A49=-0.689864908810705
A50=0.0548663781955838
A51=0.727675282862037
A52=-0.152263939380646
A53=-0.220609247218817
A54=-0.649234113283455
A55=0.554888203274459
A56=0.720424426719546
A57=-0.183814221527427
A58=0.852678866125643
A59=-0.589998269919306
A60=-0.496967915445566
A61=-0.839091438334435
A62=-0.782862872816622
A63=-0.151375864166766
A64=0.838346490636468
A65=-0.148773146327585
A66=0.251131770201027
A67=0.498972640838474
A68=-0.666237659752369
A69=-0.244342900346965
A70=0.954959864728153
A71=0.151106811594218
A72=-0.617551440373063
A73=0.554399399552494
A74=-0.198600745759904
A75=-0.972197415772825
A76=0.89271842315793
A77=-0.738811905961484
A78=0.719961485825479
A79=0.580816912930459
A80=-0.355647204443812
A81=0.879907975438982
A82=0.754972864873707
A83=-0.343706956598908
A84=-0.509373500943184
A85=0.289726123679429
A86=-0.133766365237534
A87=-0.626943588722497
A88=0.124787805601954
A89=-0.0475106327794492
A90=-0.158994718454778
A91=-0.442448834422976
A92=0.629741054028273
A93=0.536137368995696
A94=-0.213924036361277
A95=0.0791673171333969
A96=-0.470317607745528
A97=0.0478813373483717
A98=0.168654066510499
A99=0.929708512034267
A100=0.562438644468784
A101=-0.429101638030261
A102=-0.125160117633641
A103=-0.609249569941312
A104=-0.108740696683526
A105=0.198291374836117
Rotation=0
Color Palette=kuler nordic blonde.MAP
Background Color=$00323232
Shadows=1
Xmin=-2.8218256883753
Xmax=2.27701979098355
Ymin=-3.07503683567489
Ymax=-0.114139364101526
Zmin=-1.94002545885847
Zmax=1.46666995349416
