[Settings]
Attractor Type=13
A0=0.326266446150839
A1=-0.465399908367544
A2=0.979638699442148
A3=0.163578171748668
A4=-0.91351964417845
A5=-0.735621329862624
A6=-0.792376382276416
A7=0.876697266940027
A8=0.906720225699246
A9=-0.417840635869652
A10=0.596230685710907
A11=-0.597765028011054
A12=0.366842451505363
A13=-0.35545162903145
A14=-0.284888016059995
A15=0.0215571583248675
A16=-0.460796265862882
A17=0.640965913888067
A18=0.149552222341299
A19=0.352005344349891
A20=0.465101509355009
A21=0.0508483904413879
A22=-0.838520517572761
A23=-0.473049593623728
A24=0.430042502470315
A25=-0.10500885406509
A26=0.321179084479809
A27=0.229361914563924
A28=0.506589408032596
A29=-0.675218128133565
A30=-0.171539420261979
A31=-0.827356906142086
A32=0.333535694517195
A33=0.393074629362673
A34=0.742027867585421
A35=-0.877518590074033
A36=0.600158534012735
A37=0.350454497616738
A38=-0.164197562262416
A39=0.0534647800959647
A40=-0.795700143091381
A41=0.310642847325653
A42=0.300949737429619
A43=-0.465786590706557
A44=-0.446974468417466
A45=0.628793239127845
A46=0.0123586636036634
A47=0.934777250979096
A48=-0.0253873309120536
A49=-0.163572052959353
A50=-0.421675819903612
A51=0.550049093086272
A52=-0.289384947158396
A53=0.476765106897801
A54=0.892183059826493
A55=-0.767056731041521
A56=-0.543243306688964
A57=-0.315813510213047
A58=-0.595347248017788
A59=0.631089993286878
A60=0.921403507702053
A61=0.851595900487155
A62=-0.164376625791192
A63=0.620795323047787
A64=0.370363124646246
A65=-0.770581799093634
A66=-0.455847170203924
A67=-0.967983256559819
A68=-0.37323718611151
A69=0.799988958518952
A70=0.275415049865842
A71=-0.741895621176809
A72=0.494755540974438
A73=0.271084719803184
A74=-0.496648639440536
A75=-0.155942171346396
A76=-0.924195853061974
A77=0.53234390867874
A78=-0.912225024774671
A79=0.647048628423363
A80=0.94629365298897
A81=0.418328349944204
A82=-0.535321388393641
A83=0.662958335597068
A84=0.665221690200269
A85=0.121975417714566
A86=0.0884952340275049
A87=-0.887317759450525
A88=-0.419282945804298
A89=0.102190808858722
A90=-0.654938079416752
A91=-0.118051297497004
A92=0.404136384837329
A93=-0.170668058563024
A94=-0.345963144674897
A95=-0.0915958895348012
A96=-0.479511029087007
A97=-0.787668021861464
A98=-0.0204805545508862
A99=0.609713469166309
A100=0.503939679823816
A101=0.0512144747190177
A102=0.467623563483357
A103=-0.0535733900032938
A104=0.807140012271702
A105=-0.641251346562058
Rotation=0
Color Palette=kuler candy corn.MAP
Background Color=$00323232
Shadows=1
Xmin=-1.00974276199528
Xmax=-0.179012981675107
Ymin=-2.75360780481267
Ymax=-1.50849628906846
Zmin=-1.08565605497477
Zmax=0.658598398394561
