[Settings]
Attractor Type=12
A0=-0.577127797994763
A1=-0.179643906652927
A2=0.430355601478368
A3=0.068351055495441
A4=-0.926193826366216
A5=0.0559124108403921
A6=0.627803860697895
A7=-0.269902414642274
A8=0.63592436676845
A9=-0.46227202937007
A10=-0.585510994773358
A11=-0.341018089093268
A12=-0.205251615960151
A13=0.589406879618764
A14=-0.611587961670011
A15=-0.755088607780635
A16=0.999326744582504
A17=0.4537503272295
A18=-0.748628124129027
A19=-0.0641545476391912
A20=0.684280782472342
A21=0.777986077591777
A22=0.110112807247788
A23=-0.881467117927969
A24=0.548491170164198
A25=-0.617798913270235
A26=-0.806512418668717
A27=-0.920672730542719
A28=0.234175066929311
A29=-0.970272755250335
A30=0.579386117402464
A31=-0.986169445328414
A32=-0.749896107707173
A33=0.41823024302721
A34=-0.974820158910006
A35=0.554114709608257
A36=0.482711724471301
A37=-0.889748433604836
A38=-0.50456835469231
A39=-0.217728457413614
A40=0.13884432381019
A41=0.62195361033082
A42=-0.519378523807973
A43=-0.800959371961653
A44=-0.53610121877864
A45=0.388817923143506
A46=-0.299362455960363
A47=-0.383734638802707
A48=0.0791037916205823
A49=-0.172953426837921
A50=-0.713216840755194
A51=0.44192713778466
A52=-0.718309447634965
A53=0.209416640922427
A54=0.0360491932369769
A55=-0.673492341302335
A56=0.151704286690801
A57=0.574337836354971
A58=0.83140216441825
A59=0.639429359696805
A60=-0.190793607849628
A61=0.386863240972161
A62=-0.178162050899118
A63=0.744323966093361
A64=-0.334382785949856
A65=0.170403175055981
A66=0.455951117444783
A67=0.541879172436893
A68=0.0129494438879192
A69=-0.172107810154557
A70=-0.0372301056049764
A71=0.249013447202742
A72=-0.205317857209593
A73=0.871159184724092
A74=-0.626393254380673
A75=-0.116871037520468
A76=0.902025389950722
A77=-0.722749350592494
A78=0.678674588445574
A79=-0.579807351343334
A80=0.839325556065887
A81=0.190457031130791
A82=-0.787781372200698
A83=-0.904604625888169
A84=0.102361201774329
A85=0.188792226836085
A86=-0.140086182858795
A87=0.815139249898493
A88=-0.886720398906618
A89=-0.66632379963994
A90=0.182277944404632
A91=0.149103059433401
A92=0.0559238898567855
A93=-0.278429275378585
A94=0.0478503429330885
A95=0.871135813184083
A96=-0.544699160847813
A97=-0.243681751191616
A98=-0.130113772582263
A99=0.517728428356349
A100=-0.155060746241361
A101=-0.13906610943377
A102=0.0403166548348963
A103=-0.0671864664182067
A104=-0.6341110044159
A105=-0.152399446815252
Rotation=0
Color Palette=kuler archeron.MAP
Background Color=$00323232
Shadows=1
Xmin=-6.58056824053534
Xmax=9.93694015040481
Ymin=-3.53673791200667
Ymax=4.9644571986031
Zmin=-3.05332845003583
Zmax=6.05273536902592
