[Settings]
Attractor Type=15
A0=0.891437247395515
A1=-0.243787273298949
A2=0.0420809565111995
A3=-0.874385446775705
A4=0.535436181351542
A5=0.651269576046616
A6=0.593847976066172
A7=-0.227277109865099
A8=0.741640936583281
A9=0.182093080598861
A10=0.979386015795171
A11=0.519625048618764
A12=0.382758403196931
A13=0.973448159638792
A14=-0.871327984146774
A15=0.54696744820103
A16=0.515829272568226
A17=-0.420418761204928
A18=-0.341847051866353
A19=-0.336940832901746
A20=-0.687229970470071
A21=0.011930210981518
A22=-0.115704379044473
A23=0.246620965655893
A24=-0.850881930440664
A25=0.0578500223346055
A26=-0.207785391248763
A27=0.964924934785813
A28=0.569729940965772
A29=-0.015896116849035
A30=-0.0718716932460666
A31=0.111074769403785
A32=0.350182712078094
A33=-0.281129896175116
A34=-0.31560688931495
A35=0.904176666866988
A36=-0.627371536567807
A37=-0.893985444214195
A38=0.945865721441805
A39=-0.403849149588495
A40=0.534851904958487
A41=0.325378757435828
A42=0.566343574784696
A43=-0.271066282410175
A44=-0.588718881830573
A45=0.0728335850872099
A46=-0.356166603974998
A47=0.385820613708347
A48=0.884701423346996
A49=-0.406151391100138
A50=0.0633978797122836
A51=0.780699230264872
A52=-0.532577628269792
A53=-0.835672946181148
A54=-0.723669505678117
A55=0.0289236283861101
A56=-0.469352137297392
A57=0.112456385511905
A58=0.784408411942422
A59=-0.556421112734824
A60=0.160799385979772
A61=-0.0246754786930978
A62=0.297973562963307
A63=-0.79911362240091
A64=-0.138457611203194
A65=0.88405166612938
A66=0.0365918157622218
A67=-0.281500339973718
A68=0.820265768095851
A69=-0.228812226559967
A70=0.141040281392634
A71=0.590441008564085
A72=0.957764487713575
A73=-0.50587436882779
A74=0.665372743271291
A75=0.422428559046239
A76=0.479875320568681
A77=0.468279572669417
A78=0.117813211865723
A79=-0.58865591743961
A80=0.1498157158494
A81=0.903779812622815
A82=-0.98077239561826
A83=-0.987408616114408
A84=0.999975791200995
A85=0.239432408008724
A86=-0.552076450549066
A87=-0.460904675070196
A88=-0.298086550086737
A89=0.867694844026119
A90=0.0395283168181777
A91=-0.96430852683261
A92=0.313302623108029
A93=-0.255582754965872
A94=0.410694872029126
A95=-0.727343624923378
A96=-0.379415363073349
A97=-0.0229007895104587
A98=-0.524613943882287
A99=-0.797871545422822
A100=-0.203927295282483
A101=0.9854122758843
A102=0.622486890293658
A103=0.721169536467642
A104=0.588259544223547
A105=0.327737998683006
Rotation=0
Color Palette=kuler candy corn.MAP
Background Color=$00323232
Shadows=1
Xmin=-7.40110283650702
Xmax=9.11285683247247
Ymin=-5.48249459285427
Ymax=6.53663455399386
Zmin=-0.736598762281175
Zmax=5.58037810806737
