[Settings]
Attractor Type=15
A0=0.750850934535265
A1=-0.856199886184186
A2=0.249018899165094
A3=0.587340551894158
A4=0.389403851702809
A5=0.698577562812716
A6=0.9716423349455
A7=-0.36250194022432
A8=0.292189911007881
A9=0.80648483382538
A10=-0.849014562554657
A11=0.0828566844575107
A12=-0.989754529669881
A13=0.593309185001999
A14=-0.230988158844411
A15=-0.901628682855517
A16=-0.755971420556307
A17=-0.810241166036576
A18=0.121352477930486
A19=0.872645835857838
A20=-0.0111952777951956
A21=-0.66660833125934
A22=0.201949131675065
A23=0.406150878872722
A24=0.900735683739185
A25=0.0740595837123692
A26=0.605276118032634
A27=0.897332243155688
A28=0.6024215426296
A29=-0.82338155945763
A30=0.914890089072287
A31=-0.439640092197806
A32=-0.853354211896658
A33=0.314653654117137
A34=0.0470579629763961
A35=-0.781732317525893
A36=-0.642926437780261
A37=0.648971403483301
A38=0.518212978728116
A39=-0.484766519162804
A40=0.264653027057648
A41=0.88460546778515
A42=-0.895011124201119
A43=0.0917502189986408
A44=0.358469856902957
A45=0.400089687202126
A46=0.865582198835909
A47=0.566437338944525
A48=0.869804855436087
A49=0.542746048886329
A50=-0.00880727265030146
A51=0.668242956977338
A52=-0.191855302080512
A53=-0.316261602099985
A54=-0.543707969598472
A55=0.362786637153476
A56=-0.0321042016148567
A57=0.126641773153096
A58=-0.0635298537090421
A59=0.316592789720744
A60=0.624551301822066
A61=-0.536722631659359
A62=0.96261038724333
A63=-0.457035305444151
A64=-0.860938798636198
A65=-0.529436882119626
A66=-0.219857730902731
A67=-0.426750850398093
A68=-0.810844419524074
A69=0.142129907850176
A70=-0.117877434007823
A71=0.997241744305938
A72=0.846370980143547
A73=0.948453411925584
A74=-0.31510550994426
A75=0.716482758056372
A76=0.217529891058803
A77=-0.0807484476827085
A78=0.315074996091425
A79=0.754193683620542
A80=0.869423370808363
A81=-0.358102414291352
A82=-0.0233797887340188
A83=-0.0343956244178116
A84=-0.244553213939071
A85=-0.230401185806841
A86=0.866718989796937
A87=0.492420823778957
A88=0.862938679754734
A89=0.133090921211988
A90=-0.890735407359898
A91=-0.694816448260099
A92=0.299972763285041
A93=-0.950402067508548
A94=0.674654492177069
A95=-0.32273335987702
A96=-0.959646966308355
A97=-0.0771921980194747
A98=0.754668301902711
A99=-0.0657326248474419
A100=0.0455620158463717
A101=-0.27238637721166
A102=0.561173831112683
A103=-0.677463477943093
A104=0.982412129640579
A105=-0.526629536878318
Rotation=0
Color Palette=kuler global warming.MAP
Background Color=$00323232
Shadows=1
Xmin=-3.32589389247345
Xmax=5.90677135103834
Ymin=-1.3839825713122
Ymax=4.8050417715857
Zmin=-2.66294272826196
Zmax=3.96052450564634
