[Settings]
Attractor Type=19
A0=0.94850645121187
A1=0.0978245767764747
A2=0.86643029935658
A3=0.0036164172925055
A4=-0.419255311600864
A5=0.524425232317299
A6=-0.95672219991684
A7=-0.308940588962287
A8=0.953908982686698
A9=0.669602706562728
A10=-0.836007939651608
A11=0.258999532554299
A12=0.566625566221774
A13=-0.645875121001154
A14=-0.529403928667307
A15=-0.891530293505639
A16=-0.12135109398514
A17=-0.350286696571857
A18=-0.313556304201484
A19=0.179969715420157
A20=0.711130258627236
A21=0.755385981407017
A22=-0.227066464722157
A23=0.612035535741597
A24=0.914464349858463
A25=0.211690760683268
A26=0.375675922259688
A27=-0.152925701346248
A28=0.272464179433882
A29=-0.703420641366392
A30=-0.821136962622404
A31=0.278214876074344
A32=0.111613950692117
A33=0.94667201070115
A34=-0.113407848402858
A35=-0.969075908418745
A36=0.584150125272572
A37=0.047662743832916
A38=-0.950108006596565
A39=0.973138556350023
A40=0.0937206028029323
A41=0.437615274917334
A42=0.458202240988612
A43=-0.452337869908661
A44=-0.167627974413335
A45=-0.533100465778261
A46=-0.685943860560656
A47=0.520579006988555
A48=0.897615208290517
A49=-0.541481186170131
A50=0.909716242924333
A51=0.239432426635176
A52=-0.0416813073679805
A53=-0.0874224589206278
A54=-0.975486718118191
A55=0.494919009972364
A56=-0.0618195729330182
A57=0.798639676999301
A58=-0.238361844792962
A59=0.579848720226437
A60=0.685527571476996
A61=-0.220272260252386
A62=-0.956862952560186
A63=-0.36087955115363
A64=-0.901805573143065
A65=0.711712453048676
A66=0.481859670951962
A67=0.904463226441294
A68=0.672228490002453
A69=-0.73815698036924
A70=0.849110633134842
A71=-0.0923069412820041
A72=0.943174633197486
A73=-0.00983198033645749
A74=0.856753928586841
A75=-0.733764612581581
A76=-0.211312591098249
A77=-0.262403065804392
A78=-0.527479443699121
A79=-0.865336823742837
A80=0.0612214794382453
A81=0.664352293591946
A82=0.487269261851907
A83=0.916000621858984
A84=0.519550171680748
A85=0.782562450971454
A86=0.552950404584408
A87=0.326542489696294
A88=-0.472137843258679
A89=0.326744980644435
A90=0.410022949799895
A91=0.407939075026661
A92=0.491186254657805
A93=0.805930701550096
A94=-0.476925414055586
A95=-0.41970321116969
A96=0.495894364081323
A97=0.0811783256940544
A98=0.843394966796041
A99=0.330044368747622
A100=0.12403251696378
A101=-0.68777026841417
A102=0.917252078652382
A103=0.626314715016633
A104=0.910230058245361
A105=0.117055862676352
Rotation=0
Color Palette=IFS22.MAP
Background Color=$00232323
Shadows=1
Xmin=-4.28420430473247
Xmax=1.42048404739902
Ymin=-1.94782115943349
Ymax=-1.34109340854024
Zmin=-4.19740703621776
Zmax=-1.18933068650607
