[Settings]
Attractor Type=14
A0=0.742749598808587
A1=-0.965148909483105
A2=-0.941648878157139
A3=0.885833673644811
A4=-0.451743935234845
A5=-0.139095537830144
A6=-0.195729935541749
A7=0.80892318347469
A8=-0.292650527320802
A9=-0.74453982943669
A10=-0.823211174458265
A11=0.691702459473163
A12=-0.670404919423163
A13=-0.0544562754221261
A14=-0.792968956753612
A15=0.169770161155611
A16=-0.507111470215023
A17=-0.679854950401932
A18=0.33750493824482
A19=0.443460360635072
A20=0.637865024618804
A21=-0.72273561405018
A22=0.032332805916667
A23=0.203990003559738
A24=0.573636637069285
A25=0.127598812337965
A26=-0.3293163664639
A27=0.97562199505046
A28=-0.436392263509333
A29=-0.101380605716258
A30=0.442158842459321
A31=-0.532406089361757
A32=0.46011854428798
A33=0.882788957562298
A34=-0.537118844687939
A35=-0.970437667798251
A36=0.356666813604534
A37=-0.226329513359815
A38=-0.168963411822915
A39=0.804312808904797
A40=0.726457634009421
A41=0.233676148112863
A42=0.840619567781687
A43=-0.328514556866139
A44=-0.483968638814986
A45=-0.762793060857803
A46=-0.927868826314807
A47=0.576066101435572
A48=-0.837280328385532
A49=-0.967067039106041
A50=-0.421019494533539
A51=-0.664606749545783
A52=-0.995320257730782
A53=-0.931035683024675
A54=0.88833917491138
A55=0.51843041786924
A56=-0.947743444703519
A57=0.724662636872381
A58=0.0351989232003689
A59=-0.50894572166726
A60=0.589423327706754
A61=0.192843224387616
A62=0.34838236309588
A63=0.221108364406973
A64=-0.425949933938682
A65=-0.643882168922573
A66=-0.792743153870106
A67=0.936972402501851
A68=-0.694249753840268
A69=-0.998871945310384
A70=-0.512098545208573
A71=0.233397273812443
A72=-0.669944382272661
A73=-0.785580637399107
A74=0.917477119714022
A75=0.718355600256473
A76=0.0476691341027617
A77=0.303705740254372
A78=0.0555498618632555
A79=-0.205342044588178
A80=0.997546006925404
A81=0.0882749645970762
A82=0.121117159724236
A83=-0.329915299545974
A84=-0.717447114177048
A85=-0.097715497482568
A86=0.3840874414891
A87=-0.810216554906219
A88=-0.893544836901128
A89=0.154698034282774
A90=-0.66003729775548
A91=0.584682133514434
A92=-0.109017596580088
A93=0.789612601976842
A94=0.386474246159196
A95=0.729667755309492
A96=0.941721898503602
A97=0.490726382937282
A98=-0.77907844632864
A99=-0.994719318579882
A100=-0.868409653194249
A101=0.973697088193148
A102=0.676964273676276
A103=0.356674625072628
A104=0.570633658207953
A105=-0.789859014097601
Rotation=0
Color Palette=kuler espresso shot.MAP
Background Color=$00323232
Shadows=1
Xmin=-0.325133416229999
Xmax=4.37238619854073
Ymin=-3.17375517501557
Ymax=1.23194255313714
Zmin=-3.30864215033665
Zmax=1.21785064533833
