[Settings]
Attractor Type=13
A0=0.205239677336067
A1=0.372826099395752
A2=0.653681278694421
A3=-0.221079823561013
A4=-0.958332047332078
A5=-0.803135322406888
A6=-0.0264054476283491
A7=0.328260333277285
A8=-0.706902945879847
A9=0.75694864615798
A10=-0.814808923285455
A11=0.924548237584531
A12=0.378172363620251
A13=-0.238948991522193
A14=-0.597933662589639
A15=0.504413661547005
A16=-0.676695539150387
A17=0.557533256709576
A18=-0.0524292360059917
A19=-0.907676403410733
A20=0.789402521681041
A21=0.643812363967299
A22=0.773144690785557
A23=0.267257058061659
A24=-0.719751658383757
A25=-0.916769098490477
A26=-0.582331057172269
A27=0.334458014927804
A28=0.876260984223336
A29=0.548880280926824
A30=0.101581046823412
A31=0.171016444452107
A32=0.337402054574341
A33=0.213127121329308
A34=-0.950492932926863
A35=0.214027511887252
A36=-0.0810284023173153
A37=-0.798407258465886
A38=0.635159066412598
A39=-0.439921124838293
A40=0.744044621940702
A41=0.830335777252913
A42=-0.557751807849854
A43=0.64481611456722
A44=0.0762982475571334
A45=0.344987923279405
A46=-0.164836612995714
A47=-0.52866371255368
A48=0.336979479994625
A49=-0.619407199323177
A50=-0.866834274958819
A51=-0.143840392120183
A52=0.209763608407229
A53=0.86089794896543
A54=0.981848372612149
A55=0.661529251374304
A56=0.677253229077905
A57=0.555849943310022
A58=0.0156121742911637
A59=-0.517210715450346
A60=-0.667132106143981
A61=0.0160426367074251
A62=-0.595093136187643
A63=0.759590719826519
A64=0.811874383594841
A65=0.102868527173996
A66=-0.618012099992484
A67=0.779675695113838
A68=-0.314692393410951
A69=0.833123249933124
A70=-0.661061072256416
A71=0.543989778496325
A72=0.660532122012228
A73=-0.243186805397272
A74=0.59170986386016
A75=-0.0381276020780206
A76=-0.567805711645633
A77=-0.41308375261724
A78=-0.596079391892999
A79=-0.65492460411042
A80=0.0273150368593633
A81=0.299845658242702
A82=0.364180379081517
A83=0.669359709136188
A84=0.988273269962519
A85=-0.574632966890931
A86=0.710672675166279
A87=-0.427579826675355
A88=-0.762570115271956
A89=0.744718451052904
A90=0.69675586046651
A91=-0.443111547268927
A92=0.967142421286553
A93=0.115683706477284
A94=-0.408670624252409
A95=0.367164094932377
A96=-0.601079663727432
A97=-0.356631323695183
A98=-0.59228442562744
A99=-0.991176289506257
A100=-0.244529098737985
A101=-0.0845691878348589
A102=0.954807183239609
A103=0.379358277656138
A104=0.28938572620973
A105=0.520511757582426
Rotation=0
Color Palette=Jason3.MAP
Background Color=$00323232
Shadows=1
Xmin=-0.851654757218427
Xmax=-0.370750322283289
Ymin=-2.92245291712324
Ymax=-1.99248105638167
Zmin=-1.10583929212831
Zmax=1.02401710979521
