[Settings]
Palette=matrix17.MAP
Gamma=1.3
Rendering Style=1
Background Color=clBlack
Brightness=1.5
Palette Spread=1
[Coordiantes]
Xmin=-9.43076355555555
Xmax=9.44854133333333
Ymin=-5.463948635
Ymax=5.474248635
[Transformations]
Active1=1
Active2=1
Active3=1
Active4=1
Active5=1
Active6=0
Type1=3
Type2=16
Type3=25
Type4=22
Type5=9
Type6=-1
Probability1=0.142857142857143
Probability2=0.171428571428571
Probability3=0.171428571428571
Probability4=0.257142857142857
Probability5=0.257142857142857
Probability6=
Coeff11=0.303022127973115
Coeff12=0.235844355323266
Coeff13=-0.912075031016329
Coeff14=0.272637779627526
Coeff15=-0.261912363085059
Coeff16=-0.377358871977776
Coeff21=-0.886970234615769
Coeff22=0.233190443814053
Coeff23=0.191669711131237
Coeff24=1.0718815373513
Coeff25=0.223275149552825
Coeff26=-0.261098934803158
Coeff31=0.961072262556877
Coeff32=0.430916984679052
Coeff33=-0.131792559826771
Coeff34=0.650272810184241
Coeff35=0.770422332777612
Coeff36=-0.265508086886257
Coeff41=-0.319577105555917
Coeff42=-0.574494944479436
Coeff43=0.792991359974306
Coeff44=1.06813814892849
Coeff45=-0.366913577392498
Coeff46=0.743748534005135
Coeff51=-0.515804352477478
Coeff52=-0.0495932579097201
Coeff53=-0.153093950427574
Coeff54=-1.03800018231049
Coeff55=0.220378331082352
Coeff56=0.834220454562455
Coeff61=
Coeff62=
Coeff63=
Coeff64=
Coeff65=
Coeff66=
Multiplier1=-2.61810361601721
Multiplier2=-0.874853456066698
Multiplier3=3.78050525252321
Multiplier4=0.503352732518038
Multiplier5=3.48669849724824
Multiplier6=
