[Settings]
Palette=matrix06.MAP
Gamma=1.1
Rendering Style=1
Background Color=clBlack
Brightness=1.3
[Coordiantes]
Xmin=-4.70397723815942
Xmax=4.76771782665813
Ymin=-1.90819774280861
Ymax=3.58538539478556
[Transformations]
Active1=1
Active2=1
Active3=1
Active4=1
Active5=1
Active6=1
Type1=11
Type2=16
Type3=1
Type4=22
Type5=0
Type6=16
Probability1=0.0952380952380952
Probability2=0.0238095238095238
Probability3=0.0476190476190476
Probability4=0.476190476190476
Probability5=0.238095238095238
Probability6=0.119047619047619
Coeff11=-0.416370610597453
Coeff12=-0.505611179015256
Coeff13=-0.15732041740774
Coeff14=0.49259455102382
Coeff15=-0.379009808460674
Coeff16=0.267933212074602
Coeff21=1.33021299819533
Coeff22=-0.0621544102591654
Coeff23=-0.24908362001388
Coeff24=0.102515400325407
Coeff25=-1.26191274028193
Coeff26=-0.176562135218273
Coeff31=0.147542251802848
Coeff32=0.963387042520819
Coeff33=-0.043802570058057
Coeff34=0.400554750769049
Coeff35=-0.304508982810246
Coeff36=1.09063330594931
Coeff41=-0.0893595967900942
Coeff42=0.735502481980215
Coeff43=-0.272061732563548
Coeff44=-0.629632227593126
Coeff45=0.18083144731333
Coeff46=1.24410395047291
Coeff51=0.549378312738225
Coeff52=-0.0132343910483869
Coeff53=-0.128431759538321
Coeff54=-0.820189327734937
Coeff55=-0.764655863011515
Coeff56=-0.0235911236824674
Coeff61=0.106908060535907
Coeff62=-0.794351302020694
Coeff63=0.0906842486160414
Coeff64=1.19961496780387
Coeff65=-0.775549401142921
Coeff66=-0.14743442190468
Multiplier1=1.12921099325488
Multiplier2=1.09873754215687
Multiplier3=0.921724857561376
Multiplier4=0.984071314619247
Multiplier5=1.21890675260755
Multiplier6=1.04059571763658
