[Settings]
Palette=image frequency fire.MAP
Gamma=1.1
Rendering Style=1
Background Color=clBlack
Brightness=1.5
[Coordiantes]
Xmin=-10.536489999763
Xmax=11.7278483223125
Ymin=-6.38608532068483
Ymax=6.51331569466761
[Transformations]
Active1=1
Active2=1
Active3=1
Active4=1
Active5=0
Active6=0
Type1=12
Type2=10
Type3=15
Type4=12
Type5=-1
Type6=-1
Probability1=0.0714285714285715
Probability2=0.892857142857143
Probability3=5.55111512312578E-17
Probability4=0.0357142857142858
Probability5=
Probability6=
Coeff11=-0.159133093178182
Coeff12=1.00926225343778
Coeff13=0.771707234982265
Coeff14=-1.40651042832914
Coeff15=-0.314895592164248
Coeff16=0.555947015993297
Coeff21=-0.753363386824749
Coeff22=0.045865760449583
Coeff23=0.151840918041981
Coeff24=0.179778525735854
Coeff25=0.825312030967325
Coeff26=-0.0476975999772549
Coeff31=-0.131937508577336
Coeff32=0.744214800367601
Coeff33=-0.12207906466623
Coeff34=0.0200967699676273
Coeff35=-0.111677383538336
Coeff36=-0.160091991536319
Coeff41=-0.647731729620264
Coeff42=0.275986789714191
Coeff43=0.256946645802813
Coeff44=-0.334751797339259
Coeff45=-0.377456173766404
Coeff46=-0.691236423328519
Coeff51=
Coeff52=
Coeff53=
Coeff54=
Coeff55=
Coeff56=
Coeff61=
Coeff62=
Coeff63=
Coeff64=
Coeff65=
Coeff66=
Multiplier1=0.834961009610993
Multiplier2=1.08906669953357
Multiplier3=0.881280184013631
Multiplier4=1.00671159325986
Multiplier5=
Multiplier6=
