[Settings]
Palette=Flame 365_vchira_18pp1.jpg.map
Gamma=1.3
Rendering Style=1
Background Color=clBlack
Brightness=1.3
[Coordiantes]
Xmin=-10.9736099920505
Xmax=9.77029962980385
Ymin=-6.94816810777305
Ymax=5.07033452938884
[Transformations]
Active1=1
Active2=1
Active3=1
Active4=1
Active5=0
Active6=0
Type1=31
Type2=15
Type3=33
Type4=25
Type5=-1
Type6=-1
Probability1=0.178571428571429
Probability2=0.357142857142857
Probability3=0.107142857142857
Probability4=0.357142857142857
Probability5=
Probability6=
Coeff11=-0.377139584540389
Coeff12=0.715758373111375
Coeff13=-0.414254026344984
Coeff14=-0.53434849045528
Coeff15=-0.295164691284299
Coeff16=0.763264602515846
Coeff21=-0.821700725179211
Coeff22=0.670436836761832
Coeff23=-1.27771252617236
Coeff24=0.743900044748416
Coeff25=0.219931988976896
Coeff26=0.619068171363324
Coeff31=0.0702358296149513
Coeff32=0.325316595940182
Coeff33=0.684065180066446
Coeff34=0.403492604188174
Coeff35=-0.814149089157581
Coeff36=0.605577491689473
Coeff41=0.678947921826309
Coeff42=-0.794338955597998
Coeff43=-0.766547509381713
Coeff44=0.888702234085885
Coeff45=-0.235827780328691
Coeff46=-0.821784737054259
Coeff51=
Coeff52=
Coeff53=
Coeff54=
Coeff55=
Coeff56=
Coeff61=
Coeff62=
Coeff63=
Coeff64=
Coeff65=
Coeff66=
Multiplier1=1.50098002663569
Multiplier2=-0.801403285347096
Multiplier3=-1.12094220477769
Multiplier4=2.58339196471831
Multiplier5=
Multiplier6=
