[Settings]
Palette=Flame 284_Apophysis-040427-51triflwr.map
Gamma=1.3
Brightness=1.5
Background Color=clBlack
Palette Spread=1
[Coordiantes]
Xmin=-6.70290663118025
Xmax=4.51772144599506
Ymin=-4.56658680721783
Ymax=1.93436458499561
[Transformations]
Active1=1
Active2=1
Active3=1
Active4=1
Active5=1
Active6=0
Type1=37
Type2=31
Type3=20
Type4=7
Type5=22
Type6=-1
Probability1=0.257142857142857
Probability2=0.114285714285714
Probability3=0.0857142857142857
Probability4=0.171428571428571
Probability5=0.371428571428571
Probability6=
Coeff11=0.389110344964789
Coeff12=-0.53543189566193
Coeff13=-1.10441845196936
Coeff14=0.789876119053458
Coeff15=-0.00857177194948776
Coeff16=0.867463862057775
Coeff21=-1.92113525866958
Coeff22=0.0630093472007007
Coeff23=-0.126943040653282
Coeff24=-0.0343125991767042
Coeff25=-0.671028727893085
Coeff26=-0.107282293494791
Coeff31=-0.64687261520162
Coeff32=0.000284899325898698
Coeff33=0.352682466358527
Coeff34=0.140418897553003
Coeff35=0.339226643741996
Coeff36=0.175540722440928
Coeff41=-0.496119273706503
Coeff42=1.29568995793586
Coeff43=0.588817063831919
Coeff44=0.69222676417293
Coeff45=-1.13066583054784
Coeff46=-0.671479340177029
Coeff51=0.0254147410049742
Coeff52=-0.613748596644874
Coeff53=-0.382823118621757
Coeff54=0.758834269724617
Coeff55=0.222726809936979
Coeff56=0.783663698937744
Coeff61=
Coeff62=
Coeff63=
Coeff64=
Coeff65=
Coeff66=
Multiplier1=-1.54588060468585
Multiplier2=-3.18450549221095
Multiplier3=-4.41183233030933
Multiplier4=2.40297410425487
Multiplier5=-0.309267944445916
Multiplier6=
