[Settings]
Xmin=-0.421875
Xmax=1.890625
Ymin=-1.16666666666667
Ymax=1.16666666666667
CX=-0.317647058823529
CY=1.21959798994975
Maximum Iterations=75
Color Scale Factor=100
Color Palette=Flame 657_Sunbathing.map
