[Settings]
Xmin=-1.103515625
Xmax=0.537109375
Ymin=-3.22916666666667
Ymax=-1.58854166666667
CX=-0.562745098039216
CY=2.38743718592965
Maximum Iterations=30
Color Scale Factor=600
Color Palette=Flame 647_Sno_and_Shadows.map
