[Settings]
Palette=UNKNOWN.MAP
Gamma=1.2
Rendering Style=1
Brightness=1.5
Background Color=clBlack
[Coordiantes]
Xmin=-8.55857566550926
Xmax=9.44489655671297
Ymin=-5.01988570601852
Ymax=5.4336009837963
[Transformations]
Active1=1
Active2=1
Active3=1
Active4=1
Active5=0
Active6=0
Type1=12
Type2=14
Type3=5
Type4=2
Type5=-1
Type6=-1
Probability1=0.178571428571429
Probability2=0.0714285714285715
Probability3=0.0357142857142858
Probability4=0.714285714285714
Probability5=
Probability6=
Coeff11=0.645538971546245
Coeff12=-0.0884307644670489
Coeff13=-0.0102517994773737
Coeff14=0.0683447790815677
Coeff15=-0.900097415782511
Coeff16=-0.991286982316524
Coeff21=-0.371404539639325
Coeff22=-1.79937013505521
Coeff23=0.60978831649778
Coeff24=-0.65778642529152
Coeff25=-0.22290875762701
Coeff26=0.965999730397016
Coeff31=-0.678434417381842
Coeff32=-0.0661716780210536
Coeff33=0.0694834175245146
Coeff34=-0.903659863138679
Coeff35=-0.891627839766443
Coeff36=-0.99795605475083
Coeff41=-0.6160768752383
Coeff42=-0.14662576623009
Coeff43=0.0305318179546028
Coeff44=0.10519968934673
Coeff45=-0.510283781215549
Coeff46=0.525960321072489
Coeff51=
Coeff52=
Coeff53=
Coeff54=
Coeff55=
Coeff56=
Coeff61=
Coeff62=
Coeff63=
Coeff64=
Coeff65=
Coeff66=
Multiplier1=0.8577545702576
Multiplier2=1.37511600373967
Multiplier3=0.928788430017528
Multiplier4=1.56348831455677
Multiplier5=
Multiplier6=
