[Settings]
Palette=sinpal38.MAP
Gamma=1.3
Rendering Style=1
Brightness=1.5
Background Color=clBlack
[Coordiantes]
Xmin=-5.12867115162036
Xmax=5.61206958912036
Ymin=-2.01770833333333
Ymax=4.20520833333333
[Transformations]
Active1=1
Active2=1
Active3=1
Active4=1
Active5=0
Active6=0
Type1=1
Type2=4
Type3=9
Type4=3
Type5=-1
Type6=-1
Probability1=0.178571428571429
Probability2=0.0357142857142858
Probability3=0.571428571428571
Probability4=0.214285714285714
Probability5=
Probability6=
Coeff11=0.325160536795109
Coeff12=-0.516978507515788
Coeff13=0.904293261925131
Coeff14=0.843181487233937
Coeff15=0.571944737341255
Coeff16=0.966239094734192
Coeff21=-0.443171997188776
Coeff22=0.471248901991546
Coeff23=0.653511275940388
Coeff24=0.0479648842066527
Coeff25=-0.490555757191032
Coeff26=-0.99725195672363
Coeff31=0.747103556712717
Coeff32=0.34461392826438
Coeff33=-0.380405537163466
Coeff34=0.583892127285898
Coeff35=-0.359330568928272
Coeff36=0.436939666047692
Coeff41=0.705003955415636
Coeff42=-0.539041864161193
Coeff43=0.589621779926866
Coeff44=-0.341452702248097
Coeff45=0.151505552697927
Coeff46=0.0388774229213595
Coeff51=
Coeff52=
Coeff53=
Coeff54=
Coeff55=
Coeff56=
Coeff61=
Coeff62=
Coeff63=
Coeff64=
Coeff65=
Coeff66=
Multiplier1=1
Multiplier2=1
Multiplier3=1
Multiplier4=1
Multiplier5=
Multiplier6=
