[Settings]
Palette=Flame 540_Dust_Bunny.map
Gamma=1.3
Rendering Style=1
Brightness=1.5
Background Color=clBlack
[Coordiantes]
Xmin=-4.98740925761057
Xmax=5.62668426816827
Ymin=-3.04158463890907
Ymax=3.10795579758905
[Transformations]
Active1=1
Active2=1
Active3=1
Active4=1
Active5=0
Active6=0
Type1=36
Type2=36
Type3=36
Type4=36
Type5=-1
Type6=-1
Probability1=0.0357142857142857
Probability2=0.107142857142857
Probability3=0.178571428571429
Probability4=0.678571428571428
Probability5=
Probability6=
Coeff11=-0.677079490666455
Coeff12=0.19112446141579
Coeff13=1.37704526328735
Coeff14=-0.0844222052680543
Coeff15=-0.521336643025279
Coeff16=0.0895772376097739
Coeff21=-1.34986989696528
Coeff22=0.377464744968384
Coeff23=-0.214625262842676
Coeff24=0.950805925403394
Coeff25=0.621038514189422
Coeff26=0.654191404115409
Coeff31=0.377816884235205
Coeff32=-0.615990821940259
Coeff33=-0.918257997481495
Coeff34=-0.428759527281384
Coeff35=-0.501598466187716
Coeff36=0.919997629243881
Coeff41=0.774402140279004
Coeff42=-0.28011613084411
Coeff43=0.215796399774798
Coeff44=-0.391108726001016
Coeff45=-0.0826994059607387
Coeff46=0.327024401631206
Coeff51=
Coeff52=
Coeff53=
Coeff54=
Coeff55=
Coeff56=
Coeff61=
Coeff62=
Coeff63=
Coeff64=
Coeff65=
Coeff66=
Multiplier1=1
Multiplier2=1
Multiplier3=1
Multiplier4=1
Multiplier5=
Multiplier6=
