[Settings]
Xmin=-5.0390625
Xmax=5.01302083333333
Ymin=-3.87591145833333
Ymax=3.902734375
CX=0.103921568627451
CY=0.319095477386935
Maximum Iterations=45
Color Scale Factor=600
Color Palette=JACCO292.MAP
Variation=0
Symmetry=6
