[Settings]
Palette=MineralYttrotungstite.map
Gamma=1.3
Brightness=1.5
Background Color=clBlack
Palette Spread=1
[Coordiantes]
Xmin=-20.6093168764444
Xmax=20.6093168764444
Ymin=-11.94052296529
Ymax=11.94052296529
[Transformations]
Active1=1
Active2=1
Active3=1
Active4=1
Active5=1
Active6=0
Type1=31
Type2=31
Type3=31
Type4=31
Type5=31
Type6=-1
Probability1=0.114285714285714
Probability2=0.257142857142857
Probability3=0.142857142857143
Probability4=0.2
Probability5=0.285714285714286
Probability6=
Coeff11=-0.142117771370427
Coeff12=0.298935149428066
Coeff13=-0.0234173618931554
Coeff14=-0.279400784147178
Coeff15=-0.0830928993712684
Coeff16=-0.368753599468619
Coeff21=-0.206568806681287
Coeff22=-0.537138982219221
Coeff23=0.0531218441061195
Coeff24=-0.36194814833029
Coeff25=-0.0612617424722309
Coeff26=0.293633187655359
Coeff31=-0.331618926567804
Coeff32=-0.01035173254603
Coeff33=0.505146322396914
Coeff34=0.383602078743701
Coeff35=0.0224811511063745
Coeff36=0.633543923031539
Coeff41=-0.515089786512836
Coeff42=0.107732456291186
Coeff43=-0.00727115619171227
Coeff44=-0.472592750483844
Coeff45=-0.534426408732977
Coeff46=-0.805384296458215
Coeff51=0.519006583999616
Coeff52=0.0106319692086102
Coeff53=0.838374852838069
Coeff54=0.882656602176831
Coeff55=0.0142810293458108
Coeff56=-0.73416210571304
Coeff61=
Coeff62=
Coeff63=
Coeff64=
Coeff65=
Coeff66=
Multiplier1=2.99495345466639
Multiplier2=1.79179895682597
Multiplier3=-3.53522859905286
Multiplier4=-3.50745906521209
Multiplier5=-4.56066849655112
Multiplier6=
