[Settings]
Palette=sinpal22.MAP
Gamma=1.3
Rendering Style=1
Brightness=1.5
Background Color=clBlack
[Coordiantes]
Xmin=-11.625886989109
Xmax=7.39062638267181
Ymin=-1.16460315776716
Ymax=9.85308927700832
[Transformations]
Active1=1
Active2=1
Active3=1
Active4=1
Active5=1
Active6=1
Type1=23
Type2=5
Type3=10
Type4=19
Type5=7
Type6=18
Probability1=0.0714285714285714
Probability2=0.547619047619048
Probability3=0.166666666666667
Probability4=0.0952380952380952
Probability5=0.0952380952380952
Probability6=0.0238095238095238
Coeff11=-0.847883886546338
Coeff12=-1.09336866525969
Coeff13=-0.51789601064858
Coeff14=-0.0180074479363492
Coeff15=0.815877419091885
Coeff16=1.14503682476664
Coeff21=-0.42040988058245
Coeff22=-0.199530557071911
Coeff23=0.466333964674804
Coeff24=0.128979869241127
Coeff25=0.405126072607474
Coeff26=-0.0217641273895882
Coeff31=-1.02903598045878
Coeff32=-0.19471234345735
Coeff33=0.151145616152938
Coeff34=0.618484832567491
Coeff35=-0.711070622987381
Coeff36=-0.649748634218875
Coeff41=0.420380862967918
Coeff42=-1.52815160221969
Coeff43=0.266524098716916
Coeff44=-0.0037945578003671
Coeff45=-1.04815561398818
Coeff46=1.60570877099445
Coeff51=-0.64672100467648
Coeff52=-0.475456644551545
Coeff53=0.510982295592914
Coeff54=-0.0773291510499503
Coeff55=-0.0474894342546464
Coeff56=-1.2280731354222
Coeff61=-0.0450821090091739
Coeff62=1.41171477472624
Coeff63=-1.5753279621993
Coeff64=-0.0328730967061367
Coeff65=-0.633816893151221
Coeff66=-0.738593657522744
Multiplier1=1
Multiplier2=1
Multiplier3=1
Multiplier4=1
Multiplier5=1
Multiplier6=1
