[Settings]
Xmin=-0.307231846666663
Xmax=0.781291968571432
Ymin=-3.31067179968571
Ymax=-2.60928676261905
CX=0.731372549019608
CY=0.428
Maximum Iterations=110
Color Scale Factor=800
Color Palette=Flame 588_Midnight_Wave.map
