[Settings]
Palette=lkmtch07.map
Gamma=1.2
Rendering Style=1
Background Color=clBlack
Brightness=1.5
[Coordiantes]
Xmin=-8.88374486111111
Xmax=5.60795458333333
Ymin=-4.3754387125
Ymax=4.03175174583333
[Transformations]
Active1=1
Active2=1
Active3=1
Active4=1
Active5=1
Active6=0
Type1=1
Type2=4
Type3=12
Type4=17
Type5=26
Type6=-1
Probability1=0.171428571428571
Probability2=0.314285714285714
Probability3=0.228571428571429
Probability4=0.228571428571429
Probability5=0.0571428571428571
Probability6=
Coeff11=-0.691409884125012
Coeff12=-0.0125830372942144
Coeff13=-1.75022322791748
Coeff14=-6.85990010431524E-5
Coeff15=-0.724575242578175
Coeff16=-0.0929873711429536
Coeff21=-0.0663477010603376
Coeff22=0.100339309876731
Coeff23=0.0161123644293859
Coeff24=-0.184141724698063
Coeff25=0.0788806747591171
Coeff26=-0.289173506665975
Coeff31=-0.999563202269419
Coeff32=-0.015952976881426
Coeff33=-0.020250108661174
Coeff34=-0.01469225471307
Coeff35=-0.00997422225091496
Coeff36=0.981557075399905
Coeff41=0.0506235837801037
Coeff42=0.132378215440662
Coeff43=-0.903334530557779
Coeff44=0.00198106051997433
Coeff45=-0.45407893536662
Coeff46=-0.23779701301828
Coeff51=0.21551887904861
Coeff52=-0.000973193929462565
Coeff53=-0.000205557485411326
Coeff54=-0.000433491017625414
Coeff55=-0.00936579593011091
Coeff56=-0.201956638600677
Coeff61=
Coeff62=
Coeff63=
Coeff64=
Coeff65=
Coeff66=
Multiplier1=1.48732976221209
Multiplier2=2.65507614063523
Multiplier3=-3.94060860906974
Multiplier4=-0.512529531253833
Multiplier5=-0.922668782214928
Multiplier6=
