[Settings]
Xmin=-1.968359375
Xmax=1.089453125
Ymin=-2.80868424479167
Ymax=-0.446524088541665
CX=-0.425490196078431
CY=1.62763819095477
Maximum Iterations=55
Color Scale Factor=22
Color Palette=Flame 657_Sunbathing.map
Power=1
Variation=0
Symmetry=0
Smooth Shading=1
