[Settings]
Xmin=-0.0340854119425548
Xmax=0.0343108735557715
Ymin=-0.545596371882086
Ymax=-0.50138064399093
CX=-0.817647058823529
CY=1.89497487437186
Maximum Iterations=45
Color Scale Factor=5000
Color Palette=JACCO302.MAP
Variation=0
Symmetry=2
