[Settings]
Palette=matrix03.MAP
Gamma=1.3
Rendering Style=1
Brightness=1.4
Background Color=clBlack
[Coordiantes]
Xmin=-7.94632804232805
Xmax=7.26061375661376
Ymin=-5.44507047619048
Ymax=3.36545142857143
[Transformations]
Active1=1
Active2=1
Active3=1
Active4=1
Active5=0
Active6=0
Type1=13
Type2=2
Type3=0
Type4=2
Type5=-1
Type6=-1
Probability1=5.55111512312578E-17
Probability2=0.678571428571428
Probability3=0.107142857142857
Probability4=0.214285714285714
Probability5=
Probability6=
Coeff11=0.475547878118268
Coeff12=-0.266291837919456
Coeff13=-0.0984081607178754
Coeff14=-0.226397701517934
Coeff15=-0.540060794446617
Coeff16=-0.64096873998642
Coeff21=0.396066125817012
Coeff22=-0.806730308370141
Coeff23=-1.12291427324641
Coeff24=1.05188872145478
Coeff25=0.107214158866554
Coeff26=-0.573648958466947
Coeff31=-1.56104896195323
Coeff32=0.820601385241176
Coeff33=0.122955775641601
Coeff34=1.25626843005435
Coeff35=0.234694744925946
Coeff36=-0.94577800296247
Coeff41=1.51804823216285
Coeff42=-0.256671551623056
Coeff43=0.331585879047788
Coeff44=1.21755150765785
Coeff45=-0.719933248590678
Coeff46=-0.884539728052914
Coeff51=
Coeff52=
Coeff53=
Coeff54=
Coeff55=
Coeff56=
Coeff61=
Coeff62=
Coeff63=
Coeff64=
Coeff65=
Coeff66=
Multiplier1=1
Multiplier2=1
Multiplier3=1
Multiplier4=1
Multiplier5=
Multiplier6=
