[Settings]
Palette=Flame 611_Parrot.map
Gamma=1.3
Brightness=1.5
Background Color=clBlack
Palette Spread=1
[Coordiantes]
Xmin=-1.79096447241481
Xmax=3.7048533613037
Ymin=-2.52669935833496
Ymax=0.657440099075703
[Transformations]
Active1=1
Active2=1
Active3=1
Active4=1
Active5=0
Active6=0
Type1=14
Type2=14
Type3=14
Type4=14
Type5=-1
Type6=-1
Probability1=0.0357142857142857
Probability2=0.535714285714286
Probability3=0.0357142857142857
Probability4=0.392857142857143
Probability5=
Probability6=
Coeff11=0.0708075214015386
Coeff12=-0.387344228191653
Coeff13=0.367246034185374
Coeff14=0.534511117871018
Coeff15=0.104078995529562
Coeff16=-0.761279883794487
Coeff21=0.739714715407137
Coeff22=0.300492581995754
Coeff23=0.376250886337746
Coeff24=-0.10831137107635
Coeff25=0.67151180608198
Coeff26=-0.396202737465501
Coeff31=-0.0497998286996143
Coeff32=-0.654317552149921
Coeff33=0.104960000065496
Coeff34=-0.0810615898876346
Coeff35=0.721673254389316
Coeff36=-0.419324138201773
Coeff41=0.583233145894198
Coeff42=0.407297493622133
Coeff43=-0.046544156147565
Coeff44=-0.268680440181561
Coeff45=-0.0398098737932742
Coeff46=-0.105915918946266
Coeff51=
Coeff52=
Coeff53=
Coeff54=
Coeff55=
Coeff56=
Coeff61=
Coeff62=
Coeff63=
Coeff64=
Coeff65=
Coeff66=
Multiplier1=1.50889403178697
Multiplier2=0.827289980236211
Multiplier3=2.0450210546968
Multiplier4=-4.64001621956474
Multiplier5=
Multiplier6=
