[Settings]
Palette=Flame 586_Mermaid.map
Gamma=1.1
Rendering Style=1
Background Color=clBlack
Brightness=1.3
[Coordiantes]
Xmin=-11.421798941799
Xmax=2.35513227513225
Ymin=-3.13757619047619
Ymax=4.84443333333334
[Transformations]
Active1=1
Active2=1
Active3=1
Active4=1
Active5=0
Active6=0
Type1=26
Type2=24
Type3=7
Type4=35
Type5=-1
Type6=-1
Probability1=0.142857142857143
Probability2=0.142857142857143
Probability3=0.214285714285714
Probability4=0.5
Probability5=
Probability6=
Coeff11=0.0381844646794447
Coeff12=-1.0452977537444
Coeff13=-4.15817006876371
Coeff14=-2.28099180144214
Coeff15=-0.0557688404805958
Coeff16=-0.815839612856507
Coeff21=0.551496799098336
Coeff22=-0.00347505049637611
Coeff23=-0.881392128658757
Coeff24=0.925694421261194
Coeff25=-0.637977625709027
Coeff26=0.819256178103387
Coeff31=-0.0549698885579818
Coeff32=-0.0217722249291811
Coeff33=0.213849292047324
Coeff34=0.0428827906735943
Coeff35=0.347378531005234
Coeff36=-0.0650239437818527
Coeff41=-0.199454796381183
Coeff42=-0.0835445623524994
Coeff43=0.0175645503344994
Coeff44=0.344233386167428
Coeff45=-0.203282931353897
Coeff46=-0.342244639061391
Coeff51=
Coeff52=
Coeff53=
Coeff54=
Coeff55=
Coeff56=
Coeff61=
Coeff62=
Coeff63=
Coeff64=
Coeff65=
Coeff66=
Multiplier1=0.613509262232447
Multiplier2=3.11086618775073
Multiplier3=-0.659193206170203
Multiplier4=-2.14578881900528
Multiplier5=
Multiplier6=
