[Settings]
Palette=MadFractalist180806g.map
Gamma=1.3
Brightness=1.5
Background Color=clBlack
Palette Spread=1
[Coordiantes]
Xmin=-18.5685185185185
Xmax=19.95
Ymin=-14.6393518518518
Ymax=7.67731481481482
[Transformations]
Active1=1
Active2=1
Active3=1
Active4=1
Active5=0
Active6=0
Type1=10
Type2=10
Type3=10
Type4=10
Type5=-1
Type6=-1
Probability1=0.214285714285714
Probability2=0.464285714285714
Probability3=0.25
Probability4=0.0714285714285715
Probability5=
Probability6=
Coeff11=0.130811673657182
Coeff12=-0.42288623105118
Coeff13=-2.47822198591525
Coeff14=-0.652373854522751
Coeff15=-0.155667393002659
Coeff16=0.550476111471653
Coeff21=-0.243137785695101
Coeff22=-0.270385688457276
Coeff23=-0.0102264566260637
Coeff24=-1.10814143187147
Coeff25=0.0183786884881556
Coeff26=0.68286491278559
Coeff31=-0.00580220247511576
Coeff32=-0.037338793157348
Coeff33=-1.08161346042579
Coeff34=-0.521100949863776
Coeff35=-0.366908457595855
Coeff36=0.330942617729306
Coeff41=0.106338614873131
Coeff42=-3.37214604303269
Coeff43=0.0689472248689605
Coeff44=-0.00645936778488197
Coeff45=-0.528410762082785
Coeff46=-0.0576569708064199
Coeff51=
Coeff52=
Coeff53=
Coeff54=
Coeff55=
Coeff56=
Coeff61=
Coeff62=
Coeff63=
Coeff64=
Coeff65=
Coeff66=
Multiplier1=-1.87039059953182
Multiplier2=0.743113982358425
Multiplier3=-6.10575202293729
Multiplier4=0.0510392397647426
Multiplier5=
Multiplier6=
