[Settings]
Palette=image frequency trees 04.MAP
Gamma=1.3
Rendering Style=1
Brightness=1.5
Background Color=clBlack
[Coordiantes]
Xmin=0.246179894179889
Xmax=3.10620105820106
Ymin=-1.77022666666667
Ymax=-0.113201904761903
[Transformations]
Active1=1
Active2=1
Active3=1
Active4=1
Active5=1
Active6=0
Type1=12
Type2=16
Type3=7
Type4=5
Type5=6
Type6=-1
Probability1=0.142857142857143
Probability2=0.257142857142857
Probability3=0.342857142857143
Probability4=0.114285714285714
Probability5=0.142857142857143
Probability6=
Coeff11=-0.857485184084286
Coeff12=0.204905768675809
Coeff13=-1.07115692431459
Coeff14=0.64931028067971
Coeff15=0.744852720219221
Coeff16=-0.059526689350605
Coeff21=0.0175699716153994
Coeff22=-0.562560828370211
Coeff23=0.928631459829389
Coeff24=0.211077435544368
Coeff25=0.0264363672983292
Coeff26=-0.618130601011217
Coeff31=-0.394892126699822
Coeff32=-0.418310408318084
Coeff33=-0.377504501871422
Coeff34=-0.770400252506589
Coeff35=0.172025723931348
Coeff36=0.0781330484896898
Coeff41=-0.85241974988099
Coeff42=-0.00360985583382383
Coeff43=-0.196597707216704
Coeff44=1.55020742045107
Coeff45=0.164088232236321
Coeff46=0.816352712921798
Coeff51=0.668001386436554
Coeff52=0.274507471819044
Coeff53=-0.189398106206306
Coeff54=1.14868277126851
Coeff55=-0.631264434494983
Coeff56=0.0370902232825756
Coeff61=
Coeff62=
Coeff63=
Coeff64=
Coeff65=
Coeff66=
Multiplier1=1
Multiplier2=1
Multiplier3=1
Multiplier4=1
Multiplier5=1
Multiplier6=
