[Settings]
Palette=C91Elv.map
Gamma=1.3
Brightness=1.5
Contrast=100
Background Color=clBlack
Palette Spread=1
[Coordiantes]
Xmin=-10.1388888888889
Xmax=8.06481481481481
Ymin=-5.25490740740741
Ymax=5.29305555555556
[Transformations]
Active1=1
Active2=1
Active3=1
Active4=1
Active5=1
Active6=0
Type1=34
Type2=34
Type3=34
Type4=34
Type5=34
Type6=-1
Probability1=0.228571428571429
Probability2=0.371428571428571
Probability3=0.142857142857143
Probability4=0.142857142857143
Probability5=0.114285714285714
Probability6=
Coeff11=0.774124016889562
Coeff12=0.259534466354101
Coeff13=1.27651605368726
Coeff14=-0.030802331364486
Coeff15=0.615589167445902
Coeff16=-0.204206336755306
Coeff21=0.834788989094536
Coeff22=0.680240099464063
Coeff23=0.517398972195363
Coeff24=-0.422752863895455
Coeff25=-0.716836259187837
Coeff26=0.378674515057355
Coeff31=-0.358296678502138
Coeff32=-0.899107710138291
Coeff33=-0.205982671002553
Coeff34=-0.0499746174194858
Coeff35=-0.0844520245448046
Coeff36=-0.143654721323401
Coeff41=0.0873126075308362
Coeff42=0.027416065976601
Coeff43=0.0972489422890391
Coeff44=-0.66826695376137
Coeff45=0.28151653078235
Coeff46=0.0939142652787268
Coeff51=-0.469986792539194
Coeff52=-0.727152101330945
Coeff53=-0.579805486104599
Coeff54=-0.995973139080826
Coeff55=-0.582939944053872
Coeff56=-0.254952684510499
Coeff61=
Coeff62=
Coeff63=
Coeff64=
Coeff65=
Coeff66=
Multiplier1=-1.44360532366967
Multiplier2=1.03443028589801
Multiplier3=-0.521525660005711
Multiplier4=-4.66863827423656
Multiplier5=-2.43129861805786
Multiplier6=
