[Settings]
Palette=lkmtch02.map
Gamma=1.3
Brightness=1.5
Background Color=clBlack
Palette Spread=1
[Coordiantes]
Xmin=-3.81293402777778
Xmax=1.81727430555556
Ymin=-0.373931327160495
Ymax=2.91157793209876
[Transformations]
Active1=1
Active2=1
Active3=1
Active4=1
Active5=1
Active6=0
Type1=17
Type2=2
Type3=4
Type4=6
Type5=5
Type6=-1
Probability1=0.171428571428571
Probability2=0.314285714285714
Probability3=0.142857142857143
Probability4=0.171428571428571
Probability5=0.2
Probability6=
Coeff11=-0.143051558426666
Coeff12=0.593067954531509
Coeff13=-0.235852952859624
Coeff14=-0.327647617888861
Coeff15=-0.295582409159786
Coeff16=-0.603324525523931
Coeff21=0.44290311266208
Coeff22=0.230160249923298
Coeff23=0.156344033035204
Coeff24=0.11870027673685
Coeff25=-0.457062638512138
Coeff26=-0.739013459067792
Coeff31=0.255456828544689
Coeff32=0.33982697122922
Coeff33=-0.208236063843471
Coeff34=-0.131271731151552
Coeff35=-0.356856099306346
Coeff36=-0.853630980942398
Coeff41=0.176451015917199
Coeff42=-0.21251928855574
Coeff43=0.216425079176084
Coeff44=0.38575321784279
Coeff45=1.1145794873065
Coeff46=0.753073355648667
Coeff51=-0.27770978155766
Coeff52=-0.23954302466727
Coeff53=-0.303202612821302
Coeff54=0.375315966657266
Coeff55=0.924723064708171
Coeff56=-0.0404592943377793
Coeff61=
Coeff62=
Coeff63=
Coeff64=
Coeff65=
Coeff66=
Multiplier1=-1.71881502801142
Multiplier2=-1.02298737474737
Multiplier3=-0.236859284024138
Multiplier4=-4.9097886373991
Multiplier5=-0.813687530736125
Multiplier6=
