[Settings]
Palette=JACCO245.MAP
Gamma=1.3
Rendering Style=1
Background Color=clBlack
Brightness=1.5
[Coordiantes]
Xmin=-9.15582222222222
Xmax=9.1736
Ymin=-5.3046545
Ymax=5.3149545
[Transformations]
Active1=1
Active2=1
Active3=1
Active4=1
Active5=1
Active6=1
Type1=1
Type2=26
Type3=33
Type4=23
Type5=20
Type6=11
Probability1=0.19047619047619
Probability2=0.214285714285714
Probability3=0.142857142857143
Probability4=0.166666666666667
Probability5=0.166666666666667
Probability6=0.119047619047619
Coeff11=-0.21697487541187
Coeff12=-0.585777898054941
Coeff13=-0.1233723198993
Coeff14=0.947411579650637
Coeff15=-0.16935982636274
Coeff16=-0.0706948283232049
Coeff21=-0.625912519951833
Coeff22=-0.299701981700364
Coeff23=0.154572523113817
Coeff24=-0.787250971791713
Coeff25=-0.470188552123901
Coeff26=0.0518519088582929
Coeff31=0.656307718817937
Coeff32=0.0117430857950201
Coeff33=0.189517677092865
Coeff34=-0.288400058335519
Coeff35=0.210620053080681
Coeff36=0.624221150771336
Coeff41=0.388640514455122
Coeff42=-0.599400794716993
Coeff43=0.506002454791088
Coeff44=-1.24068845880623
Coeff45=0.101525067292553
Coeff46=-0.288462528650073
Coeff51=0.655157516813889
Coeff52=-2.27221492468085
Coeff53=0.500575177997461
Coeff54=0.0764709502960194
Coeff55=-0.468858686086545
Coeff56=0.1650606321292
Coeff61=1.16711096495146
Coeff62=-0.267947630115159
Coeff63=0.110076961941938
Coeff64=1.82799900704051
Coeff65=-0.0962783370901893
Coeff66=0.80626771932557
Multiplier1=1.20012729699076
Multiplier2=-2.30202247364182
Multiplier3=-4.00746902474978
Multiplier4=-0.361404983368171
Multiplier5=2.03999474878221
Multiplier6=1.91715948855134
