[Settings]
Palette=MadFractalist180808x.map
Gamma=1.3
Brightness=1.5
Background Color=clBlack
Palette Spread=1
[Coordiantes]
Xmin=-7.66111111111111
Xmax=7.93148148148148
Ymin=-4.94018518518519
Ymax=4.10092592592593
[Transformations]
Active1=1
Active2=1
Active3=1
Active4=1
Active5=0
Active6=0
Type1=2
Type2=2
Type3=2
Type4=2
Type5=-1
Type6=-1
Probability1=0.321428571428571
Probability2=5.55111512312578E-17
Probability3=0.25
Probability4=0.428571428571428
Probability5=
Probability6=
Coeff11=-0.925639857833477
Coeff12=-0.366462307162568
Coeff13=-0.719704435583767
Coeff14=0.684185521843053
Coeff15=-0.787422683089972
Coeff16=-0.288092266302556
Coeff21=0.371785390892753
Coeff22=0.419479119303793
Coeff23=-0.93507070135186
Coeff24=0.871290194998086
Coeff25=0.912767087109387
Coeff26=0.244809442665428
Coeff31=-0.0838254490285672
Coeff32=0.501797184564463
Coeff33=-0.289207462355323
Coeff34=-0.66242585831298
Coeff35=0.399286849424243
Coeff36=-0.248639070894569
Coeff41=-1.16204629058479
Coeff42=-0.0637420488950322
Coeff43=-0.443840746463531
Coeff44=-0.483134432398591
Coeff45=0.780687688849866
Coeff46=-0.0361682218499482
Coeff51=
Coeff52=
Coeff53=
Coeff54=
Coeff55=
Coeff56=
Coeff61=
Coeff62=
Coeff63=
Coeff64=
Coeff65=
Coeff66=
Multiplier1=-0.916071214414014
Multiplier2=4.10043443638267
Multiplier3=5.61130014565266
Multiplier4=0.748108096993377
Multiplier5=
Multiplier6=
