[Settings]
Xmin=-0.300515
Xmax=-0.300355
Ymin=-1.00951501666667
Ymax=-1.00939141666667
CX=0.76078431372549
CY=0.446666666666667
Maximum Iterations=96
Color Scale Factor=510
Color Palette=FIRECOD2.MAP
