[Settings]
Palette=Flame 611_Parrot.map
Gamma=1.3
Rendering Style=1
Background Color=clBlack
Brightness=1.2
[Coordiantes]
Xmin=-0.734645558915233
Xmax=2.54256252053264
Ymin=-0.191324798501089
Ymax=1.70740763252902
[Transformations]
Active1=1
Active2=1
Active3=1
Active4=1
Active5=0
Active6=0
Type1=3
Type2=39
Type3=0
Type4=20
Type5=-1
Type6=-1
Probability1=0.107142857142857
Probability2=0.357142857142857
Probability3=0.25
Probability4=0.285714285714286
Probability5=
Probability6=
Coeff11=-0.0269889565107042
Coeff12=0.560802355514655
Coeff13=1.00641453663412
Coeff14=-0.331682854269534
Coeff15=0.0873148050159216
Coeff16=-0.16704268893227
Coeff21=-0.262340368359274
Coeff22=-0.883208361140787
Coeff23=0.506815376959346
Coeff24=-0.467689855013924
Coeff25=-0.322743617929518
Coeff26=0.502987805288285
Coeff31=0.307546799624483
Coeff32=-0.465804510357745
Coeff33=0.341913768157932
Coeff34=0.190094413610352
Coeff35=0.577964067459106
Coeff36=-0.923412084113806
Coeff41=-0.322345528074529
Coeff42=0.327419480728617
Coeff43=0.582695613994374
Coeff44=0.69269292869945
Coeff45=0.673952729441226
Coeff46=-0.965989793185145
Coeff51=
Coeff52=
Coeff53=
Coeff54=
Coeff55=
Coeff56=
Coeff61=
Coeff62=
Coeff63=
Coeff64=
Coeff65=
Coeff66=
Multiplier1=2.47417700162778
Multiplier2=-0.56181094156299
Multiplier3=-2.65277564633361
Multiplier4=-2.48823156917329
Multiplier5=
Multiplier6=
