[Settings]
Palette=FractalFuzz06.map
Gamma=1.3
Brightness=1.5
Background Color=clBlack
Palette Spread=1
[Coordiantes]
Xmin=-17.8277777777778
Xmax=17.7277777777778
Ymin=-10.3
Ymax=10.3
[Transformations]
Active1=1
Active2=1
Active3=1
Active4=1
Active5=0
Active6=0
Type1=1
Type2=1
Type3=1
Type4=1
Type5=-1
Type6=-1
Probability1=0.178571428571429
Probability2=0.464285714285714
Probability3=0.25
Probability4=0.107142857142857
Probability5=
Probability6=
Coeff11=0.368202128009109
Coeff12=-0.373391284506338
Coeff13=0.0384881623974297
Coeff14=0.368419606347542
Coeff15=0.0515695344656706
Coeff16=-0.0663577257655561
Coeff21=-0.074397792099536
Coeff22=-0.646552299790208
Coeff23=0.00639361340214134
Coeff24=0.612762768872042
Coeff25=-0.997610003687441
Coeff26=0.696092094760388
Coeff31=-0.000859471500490552
Coeff32=0.0654797837833353
Coeff33=-0.131937459310054
Coeff34=-0.0268219770914716
Coeff35=-0.834908492863178
Coeff36=-0.906239546369761
Coeff41=0.00267244398068651
Coeff42=-0.0929756760450206
Coeff43=0.107753237009422
Coeff44=0.0241212750023649
Coeff45=0.835623108781874
Coeff46=-0.152335467282683
Coeff51=
Coeff52=
Coeff53=
Coeff54=
Coeff55=
Coeff56=
Coeff61=
Coeff62=
Coeff63=
Coeff64=
Coeff65=
Coeff66=
Multiplier1=2.44422468715634
Multiplier2=1.04634704475855
Multiplier3=0.450176797317661
Multiplier4=-2.90666842181325
Multiplier5=
Multiplier6=
