[Settings]
Palette=Flame 065_matisse.lecon-musique.ppm.map
Gamma=1.2
Rendering Style=1
Background Color=clBlack
Brightness=1.5
[Coordiantes]
Xmin=-7.61458333333333
Xmax=7.05208333333333
Ymin=-4.44319444444444
Ymax=4.05430555555556
[Transformations]
Active1=1
Active2=1
Active3=1
Active4=1
Active5=0
Active6=0
Type1=2
Type2=31
Type3=34
Type4=39
Type5=-1
Type6=-1
Probability1=0.214285714285714
Probability2=0.214285714285714
Probability3=0.357142857142857
Probability4=0.214285714285714
Probability5=
Probability6=
Coeff11=0.50403723170205
Coeff12=1.19219702009442
Coeff13=0.549461533154905
Coeff14=-0.535262831300466
Coeff15=-0.215352959465235
Coeff16=-0.193883155472577
Coeff21=0.0623164965959913
Coeff22=0.321177040946666
Coeff23=-0.630261115388961
Coeff24=0.514421088551371
Coeff25=0.225792435463518
Coeff26=-0.941154342144728
Coeff31=0.601775296414332
Coeff32=0.72991142350118
Coeff33=0.308676026740939
Coeff34=-0.215974503647385
Coeff35=0.402180711273104
Coeff36=0.334750850684941
Coeff41=0.0500863400582365
Coeff42=-0.74417323302021
Coeff43=0.404745268560867
Coeff44=0.627031824428482
Coeff45=0.996553331147879
Coeff46=-0.596686335280538
Coeff51=
Coeff52=
Coeff53=
Coeff54=
Coeff55=
Coeff56=
Coeff61=
Coeff62=
Coeff63=
Coeff64=
Coeff65=
Coeff66=
Multiplier1=-1.4540145691648
Multiplier2=-2.15441764989579
Multiplier3=-0.255974054373839
Multiplier4=-3.21299777277087
Multiplier5=
Multiplier6=
