[Settings]
Palette=image frequency trees 01.MAP
Gamma=1.2
Rendering Style=1
Background Color=clBlack
Brightness=1.2
[Coordiantes]
Xmin=-7.18448495842782
Xmax=-1.12263522297808
Ymin=0.890847700680272
Ymax=4.40293189115647
[Transformations]
Active1=1
Active2=1
Active3=1
Active4=1
Active5=0
Active6=0
Type1=26
Type2=24
Type3=7
Type4=35
Type5=-1
Type6=-1
Probability1=0.142857142857143
Probability2=0.142857142857143
Probability3=0.214285714285714
Probability4=0.5
Probability5=
Probability6=
Coeff11=0.0493461534876213
Coeff12=-0.796448290466806
Coeff13=-3.57461584588306
Coeff14=-2.36757518272529
Coeff15=-0.0557688404805958
Coeff16=-0.815839612856507
Coeff21=0.611641370228098
Coeff22=-0.00341432679934927
Coeff23=-0.782870782004182
Coeff24=0.799340848286603
Coeff25=-0.637977625709027
Coeff26=0.819256178103387
Coeff31=-0.0482780841933937
Coeff32=-0.0248003858597369
Coeff33=0.226531557736558
Coeff34=0.0478317901597131
Coeff35=0.347378531005234
Coeff36=-0.0650239437818527
Coeff41=-0.178577288662631
Coeff42=-0.072513715941508
Coeff43=0.0152736161694982
Coeff44=0.392195424493043
Coeff45=-0.203282931353897
Coeff46=-0.342244639061391
Coeff51=
Coeff52=
Coeff53=
Coeff54=
Coeff55=
Coeff56=
Coeff61=
Coeff62=
Coeff63=
Coeff64=
Coeff65=
Coeff66=
Multiplier1=0.684146614636643
Multiplier2=3.01516711734476
Multiplier3=-0.59899069687423
Multiplier4=-2.08551727983207
Multiplier5=
Multiplier6=
