[Settings]
Xmin=-1.79638444444444
Xmax=-1.60976642857143
Ymin=-0.0604201678571429
Ymax=0.0598320051587301
CX=-0.23921568627451
CY=1.20552763819095
Maximum Iterations=75
Color Scale Factor=520
Color Palette=Flame 508_Bluebells.map
