[Settings]
Palette=Flame 352_ku0215.jpg.map
Gamma=1.2
Rendering Style=1
Background Color=clBlack
Brightness=1.5
[Coordiantes]
Xmin=-5.26214896214896
Xmax=0.372039072039062
Ymin=-1.46237362637362
Ymax=1.80193406593406
[Transformations]
Active1=1
Active2=1
Active3=1
Active4=1
Active5=0
Active6=0
Type1=21
Type2=31
Type3=6
Type4=6
Type5=-1
Type6=-1
Probability1=0.107142857142857
Probability2=0.392857142857143
Probability3=0.178571428571429
Probability4=0.321428571428571
Probability5=
Probability6=
Coeff11=0.930592648818545
Coeff12=0.829149464935619
Coeff13=-0.25311834499399
Coeff14=0.18179877617427
Coeff15=-0.511730718892068
Coeff16=0.324247120879591
Coeff21=-0.687744342702281
Coeff22=0.932679995769987
Coeff23=0.873405112562361
Coeff24=0.126725288980856
Coeff25=0.161398009862751
Coeff26=-0.00416574627161026
Coeff31=0.144407439210667
Coeff32=-0.51450247423842
Coeff33=-0.269131471144197
Coeff34=-0.362074869398387
Coeff35=-0.922927857842296
Coeff36=-0.381043917499483
Coeff41=0.298295061471465
Coeff42=-0.0431146664948312
Coeff43=0.081038522366435
Coeff44=0.336370717236027
Coeff45=0.869580763857812
Coeff46=0.418097587302327
Coeff51=
Coeff52=
Coeff53=
Coeff54=
Coeff55=
Coeff56=
Coeff61=
Coeff62=
Coeff63=
Coeff64=
Coeff65=
Coeff66=
Multiplier1=0.937800186434393
Multiplier2=-0.81375229071718
Multiplier3=3.4883022212214
Multiplier4=1.87016233427277
Multiplier5=
Multiplier6=
