[Settings]
Xmin=-1.77142857142857
Xmax=3.63809523809524
Ymin=-1.76571428571429
Ymax=1.72647619047619
CX=0.388235294117647
CY=0.389447236180905
Maximum Iterations=240
Color Scale Factor=1320
Color Palette=sgg053.map
