[Settings]
Palette=colorschemer sunshine.MAP
Gamma=1.1
Rendering Style=1
Brightness=1.5
Background Color=clBlack
[Coordiantes]
Xmin=-5.56447846909504
Xmax=5.58837680791363
Ymin=-3.27989882875837
Ymax=3.18178669735853
[Transformations]
Active1=1
Active2=1
Active3=1
Active4=1
Active5=1
Active6=0
Type1=12
Type2=16
Type3=7
Type4=5
Type5=6
Type6=-1
Probability1=0.0857142857142857
Probability2=0.114285714285714
Probability3=0.342857142857143
Probability4=0.228571428571429
Probability5=0.228571428571429
Probability6=
Coeff11=-1.02000562744021
Coeff12=-0.679284292482283
Coeff13=-0.34789351976406
Coeff14=0.764612205798063
Coeff15=-0.271687655784339
Coeff16=-0.219208244234323
Coeff21=0.873174588811469
Coeff22=-0.270499127621555
Coeff23=-1.36779083998845
Coeff24=-0.0922335142245185
Coeff25=0.560458383529446
Coeff26=-0.324562194757164
Coeff31=0.120703430546288
Coeff32=-1.06457308856279
Coeff33=0.0798677857634438
Coeff34=-0.0590759740768835
Coeff35=0.446830451568425
Coeff36=-0.283263677731156
Coeff41=-0.512502444032249
Coeff42=-0.461774719616936
Coeff43=-1.10351381858336
Coeff44=-0.183050923817579
Coeff45=0.168258666254061
Coeff46=0.126164874993265
Coeff51=-0.170755636227111
Coeff52=-0.162888153464938
Coeff53=0.250265774004938
Coeff54=0.0560598337258023
Coeff55=-0.68897359966394
Coeff56=0.545291230082512
Coeff61=
Coeff62=
Coeff63=
Coeff64=
Coeff65=
Coeff66=
Multiplier1=1
Multiplier2=1
Multiplier3=1
Multiplier4=1
Multiplier5=1
Multiplier6=
