[Settings]
Palette=matrix26.MAP
Gamma=1.3
Background Color=clBlack
Brightness=1.5
[Coordiantes]
Xmin=-5.08107961799791
Xmax=4.41989931752731
Ymin=-3.43917335746525
Ymax=2.06545631330467
[Transformations]
Active1=1
Active2=1
Active3=1
Active4=1
Active5=1
Active6=1
Type1=10
Type2=12
Type3=3
Type4=29
Type5=28
Type6=0
Probability1=0.0476190476190476
Probability2=0.30952380952381
Probability3=0.238095238095238
Probability4=0.119047619047619
Probability5=0.119047619047619
Probability6=0.166666666666667
Coeff11=-0.538024471602701
Coeff12=-0.227941256116992
Coeff13=0.179969315600192
Coeff14=-0.268128789902928
Coeff15=1.05717196834572
Coeff16=0.598013824889205
Coeff21=-1.26880698459652
Coeff22=-0.0571461158965325
Coeff23=-0.71006175975834
Coeff24=-0.614200478003783
Coeff25=0.654976464527451
Coeff26=-0.588040592292709
Coeff31=-0.687070385872972
Coeff32=0.373723939752548
Coeff33=-0.0473249169408546
Coeff34=0.362528103632314
Coeff35=-0.487968713527497
Coeff36=-0.000216941913036918
Coeff41=-1.32577875688711
Coeff42=-0.904150165615502
Coeff43=-0.187549555489932
Coeff44=0.0837820793450082
Coeff45=-0.213647468924764
Coeff46=0.531753855564696
Coeff51=-0.717087526506418
Coeff52=0.858856794328235
Coeff53=0.484446218874749
Coeff54=-0.622030046923953
Coeff55=0.597634018312267
Coeff56=0.650767878973038
Coeff61=-0.216359863107719
Coeff62=0.851639580168945
Coeff63=0.506555307308621
Coeff64=0.0862616106225765
Coeff65=-0.503723860059267
Coeff66=-0.69768677106024
Multiplier1=-0.632817688063179
Multiplier2=1.76383092831102
Multiplier3=-0.596996118385665
Multiplier4=5.86518373969786
Multiplier5=-5.30647706414871
Multiplier6=-5.36132709358038
