[Settings]
Palette=image frequency autumn leaves.MAP
Gamma=1.1
Rendering Style=1
Brightness=1.1
Background Color=clBlack
[Coordiantes]
Xmin=-4.39396017199757
Xmax=3.58307047608618
Ymin=-3.33084609192704
Ymax=1.29084603980649
[Transformations]
Active1=1
Active2=1
Active3=1
Active4=1
Active5=1
Active6=0
Type1=4
Type2=23
Type3=10
Type4=6
Type5=12
Type6=-1
Probability1=0.0857142857142857
Probability2=0.8
Probability3=0.0571428571428571
Probability4=0.0285714285714285
Probability5=0.0285714285714285
Probability6=
Coeff11=-0.98252510845065
Coeff12=-0.180010312018722
Coeff13=-0.686462414081196
Coeff14=0.0171621213027042
Coeff15=-0.281586657871956
Coeff16=0.0770714078098536
Coeff21=-0.502380607466078
Coeff22=0.434018347645329
Coeff23=-0.0644027479360696
Coeff24=-0.447172507730611
Coeff25=-0.0937207547175672
Coeff26=-0.884652172215283
Coeff31=0.183954710711833
Coeff32=-0.128976605014663
Coeff33=-0.180455152659909
Coeff34=0.0478402782288242
Coeff35=0.180031473959695
Coeff36=0.409780342131853
Coeff41=1.62888067215975
Coeff42=1.03163678056775
Coeff43=0.595462444745127
Coeff44=-0.669317810777861
Coeff45=0.252691378787365
Coeff46=-0.728165726177394
Coeff51=0.137998259219343
Coeff52=-1.17203260095927
Coeff53=-1.44870851739507
Coeff54=0.185182644263098
Coeff55=-0.169433845291925
Coeff56=-0.143175395205617
Coeff61=
Coeff62=
Coeff63=
Coeff64=
Coeff65=
Coeff66=
Multiplier1=1
Multiplier2=1
Multiplier3=1
Multiplier4=1
Multiplier5=1
Multiplier6=
