[Settings]
Palette=image h zebra.MAP
Gamma=1.1
Rendering Style=1
Brightness=1.3
Background Color=clBlack
[Coordiantes]
Xmin=-1.45277777777778
Xmax=2.38055555555556
Ymin=-0.743888888888889
Ymax=1.48777777777778
[Transformations]
Active1=1
Active2=1
Active3=1
Active4=1
Active5=0
Active6=0
Type1=23
Type2=23
Type3=23
Type4=23
Type5=-1
Type6=-1
Probability1=0.178571428571429
Probability2=0.178571428571429
Probability3=0.642857142857143
Probability4=5.55111512312578E-17
Probability5=
Probability6=
Coeff11=0.495178168789628
Coeff12=-0.405877129679578
Coeff13=0.421464878667214
Coeff14=0.453631127251272
Coeff15=0.73419002816081
Coeff16=-0.0581338736228645
Coeff21=-0.0956814035884122
Coeff22=-0.211131119562605
Coeff23=-0.0814481613872903
Coeff24=3.15737172064168
Coeff25=0.819250863976777
Coeff26=-0.756577520165592
Coeff31=-0.0739282077914831
Coeff32=-0.323099376962401
Coeff33=0.178502971744936
Coeff34=-0.342975994397686
Coeff35=-0.0341464970260859
Coeff36=0.102207197342068
Coeff41=0.140014019410751
Coeff42=0.997400784549638
Coeff43=0.322394892875107
Coeff44=1.10654400605303
Coeff45=-0.316903942264617
Coeff46=-0.461618748027831
Coeff51=
Coeff52=
Coeff53=
Coeff54=
Coeff55=
Coeff56=
Coeff61=
Coeff62=
Coeff63=
Coeff64=
Coeff65=
Coeff66=
Multiplier1=1
Multiplier2=1
Multiplier3=1
Multiplier4=1
Multiplier5=
Multiplier6=
