[Settings]
Xmin=-5.015
Xmax=4.59833333333333
Ymin=-3.09429166666667
Ymax=3.09429166666667
CX=0.250980392156863
CY=0.417587939698492
Maximum Iterations=200
Color Scale Factor=1322
Color Palette=sgg053.map
