[Settings]
Palette=SharonsBarrel.map
Gamma=1.3
Brightness=1.5
Background Color=clBlack
Palette Spread=1
[Coordiantes]
Xmin=-5.62374168669301
Xmax=4.37559353854486
Ymin=-5.14742316380183
Ymax=0.645941682320352
[Transformations]
Active1=1
Active2=1
Active3=1
Active4=1
Active5=1
Active6=0
Type1=22
Type2=17
Type3=16
Type4=2
Type5=20
Type6=-1
Probability1=0.171428571428571
Probability2=0.285714285714286
Probability3=0.171428571428571
Probability4=0.142857142857143
Probability5=0.228571428571429
Probability6=
Coeff11=-0.145251022806162
Coeff12=0.183895858487289
Coeff13=0.513212062745447
Coeff14=-0.497134993335503
Coeff15=-0.0986169530444618
Coeff16=0.145608150400221
Coeff21=0.542051151139217
Coeff22=-0.30249926523079
Coeff23=-0.0669012846907701
Coeff24=0.350088784627316
Coeff25=-0.620191512045646
Coeff26=0.140410961583257
Coeff31=-0.582825837562918
Coeff32=-0.599550798929325
Coeff33=0.270148903703873
Coeff34=-0.189607057543462
Coeff35=-0.546692789503034
Coeff36=-0.605171215720475
Coeff41=-0.304114948158471
Coeff42=0.527222244140745
Coeff43=0.213036106022414
Coeff44=-0.172706238692563
Coeff45=-0.12543003933609
Coeff46=-0.712038952857256
Coeff51=-0.291234284870861
Coeff52=0.0658824734396179
Coeff53=-0.112376040707065
Coeff54=0.775282949617138
Coeff55=0.292168991958818
Coeff56=-0.881624418310821
Coeff61=
Coeff62=
Coeff63=
Coeff64=
Coeff65=
Coeff66=
Multiplier1=-2.87388716880831
Multiplier2=0.490263391325696
Multiplier3=1.57906445140563
Multiplier4=2.68037628792213
Multiplier5=5.17882623828538
Multiplier6=
