[Settings]
Palette=matrix14.MAP
Gamma=1.3
Brightness=1.5
Background Color=clBlack
Palette Spread=1
[Coordiantes]
Xmin=-17.097619047619
Xmax=14.902380952381
Ymin=-12.1147619047619
Ymax=8.4852380952381
[Transformations]
Active1=1
Active2=1
Active3=1
Active4=1
Active5=0
Active6=0
Type1=11
Type2=17
Type3=34
Type4=30
Type5=-1
Type6=-1
Probability1=0.142857142857143
Probability2=0.107142857142857
Probability3=0.357142857142857
Probability4=0.392857142857143
Probability5=
Probability6=
Coeff11=-0.210997910057316
Coeff12=-0.23497948333889
Coeff13=-0.749042827293842
Coeff14=0.454363677341521
Coeff15=0.0703719006851315
Coeff16=0.127193862106651
Coeff21=0.255493581719014
Coeff22=-0.475055944211912
Coeff23=-0.0841893544010432
Coeff24=0.614118040400192
Coeff25=0.60609076730907
Coeff26=-0.0841263174079359
Coeff31=-0.515198393556602
Coeff32=0.444047802711215
Coeff33=0.0296894358824177
Coeff34=-0.114361694227544
Coeff35=-0.786269188858569
Coeff36=0.834735866170377
Coeff41=-1.39033486969273
Coeff42=-0.0784321520010915
Coeff43=0.819019170704153
Coeff44=0.103392318975281
Coeff45=-0.171603061258793
Coeff46=-0.0944426129572093
Coeff51=
Coeff52=
Coeff53=
Coeff54=
Coeff55=
Coeff56=
Coeff61=
Coeff62=
Coeff63=
Coeff64=
Coeff65=
Coeff66=
Multiplier1=3.35211068040383
Multiplier2=-4.42821557395793
Multiplier3=0.659359468688125
Multiplier4=0.0259016886688415
Multiplier5=
Multiplier6=
