[Settings]
Palette=Flame 586_Mermaid.map
Gamma=1.2
Rendering Style=1
Background Color=clBlack
Brightness=1.5
[Coordiantes]
Xmin=-3.53748616396111
Xmax=12.9337338710199
Ymin=-4.80208688148497
Ymax=4.74092622628215
[Transformations]
Active1=1
Active2=1
Active3=1
Active4=1
Active5=0
Active6=0
Type1=32
Type2=32
Type3=32
Type4=32
Type5=-1
Type6=-1
Probability1=0.107142857142857
Probability2=0.464285714285714
Probability3=0.0357142857142857
Probability4=0.392857142857143
Probability5=
Probability6=
Coeff11=0.906020638117297
Coeff12=0.110527623543136
Coeff13=0.950695162501812
Coeff14=0.0849319797184731
Coeff15=-0.737411361187696
Coeff16=0.280491564888507
Coeff21=0.247401281216894
Coeff22=0.0302418595379602
Coeff23=0.569481601683025
Coeff24=-0.0896300682104106
Coeff25=0.553203304298222
Coeff26=-0.908920726273209
Coeff31=0.094663633547187
Coeff32=-0.379652526433889
Coeff33=-0.0835008880205731
Coeff34=0.913514626626824
Coeff35=-0.667723627761006
Coeff36=-0.790799000766128
Coeff41=-0.214617545391351
Coeff42=0.41001962376479
Coeff43=0.757626039232147
Coeff44=0.124351989223195
Coeff45=-0.446342305280268
Coeff46=0.929557661991566
Coeff51=
Coeff52=
Coeff53=
Coeff54=
Coeff55=
Coeff56=
Coeff61=
Coeff62=
Coeff63=
Coeff64=
Coeff65=
Coeff66=
Multiplier1=1
Multiplier2=1
Multiplier3=1
Multiplier4=1
Multiplier5=
Multiplier6=
