[Settings]
Palette=Flame 611_Parrot.map
Gamma=1.3
Brightness=1.5
Background Color=clBlack
Palette Spread=1
[Coordiantes]
Xmin=-7.52777777777778
Xmax=6.97222222222222
Ymin=-3.46194444444444
Ymax=4.94972222222222
[Transformations]
Active1=1
Active2=1
Active3=1
Active4=1
Active5=1
Active6=1
Type1=22
Type2=6
Type3=32
Type4=33
Type5=27
Type6=22
Probability1=0.0952380952380952
Probability2=0.0238095238095238
Probability3=0.285714285714286
Probability4=0.238095238095238
Probability5=0.119047619047619
Probability6=0.238095238095238
Coeff11=0.300976947291189
Coeff12=-0.630596456836251
Coeff13=0.71360518124215
Coeff14=0.180855747768869
Coeff15=0.553619065685735
Coeff16=-0.760003776511373
Coeff21=0.770064515670314
Coeff22=0.57078937365123
Coeff23=-0.579768225113977
Coeff24=0.622195750439264
Coeff25=0.453686852634673
Coeff26=0.207266235699131
Coeff31=-0.118934959545604
Coeff32=-0.726539260609122
Coeff33=0.374198707761424
Coeff34=0.00309590202193222
Coeff35=0.644262481759366
Coeff36=-0.11592758934021
Coeff41=-0.826016604303294
Coeff42=0.576472611624538
Coeff43=0.732597356956493
Coeff44=0.0108991321080078
Coeff45=0.136504973435386
Coeff46=-0.373843627639937
Coeff51=0.30770487275103
Coeff52=-0.370993822930819
Coeff53=0.204589700294761
Coeff54=-0.530078982275489
Coeff55=0.814323409770544
Coeff56=0.447779466262964
Coeff61=-0.296220896028321
Coeff62=0.0470162124087555
Coeff63=0.65935097540391
Coeff64=-0.210807180701279
Coeff65=-0.582599554981138
Coeff66=-0.837499086341188
Multiplier1=-1.74142907785297
Multiplier2=-1.58242516282534
Multiplier3=-2.28779819457009
Multiplier4=1.60549018840586
Multiplier5=-3.4223041687255
Multiplier6=-2.16428819682711
