[Settings]
Palette=Flame 660_Surfer.map
Gamma=1.3
Brightness=1.5
Contrast=25
Background Color=clBlack
Palette Spread=1
[Coordiantes]
Xmin=-3.74250260702963
Xmax=11.3709964356963
Ymin=-2.33282439414462
Ymax=2.04536735979505
[Transformations]
Active1=1
Active2=1
Active3=1
Active4=1
Active5=1
Active6=0
Type1=37
Type2=37
Type3=37
Type4=37
Type5=37
Type6=-1
Probability1=0.171428571428571
Probability2=0.314285714285714
Probability3=0.142857142857143
Probability4=0.2
Probability5=0.171428571428571
Probability6=
Coeff11=-0.544650294134438
Coeff12=0.385822885823673
Coeff13=-1.69789052266145
Coeff14=-0.0034257643065109
Coeff15=0.57898198912951
Coeff16=0.451439763884991
Coeff21=-0.293301975532625
Coeff22=0.458979141943198
Coeff23=0.520274993015008
Coeff24=0.056778562208685
Coeff25=0.646154577895296
Coeff26=0.683439158368856
Coeff31=0.18907408887167
Coeff32=-0.808120452480122
Coeff33=-1.38196734978685
Coeff34=0.0670413177201994
Coeff35=-0.618349747854809
Coeff36=0.0248137689195573
Coeff41=-0.126174531832208
Coeff42=0.560254029393084
Coeff43=-1.00645138549406
Coeff44=0.624686200914074
Coeff45=-0.246440640953206
Coeff46=-0.199237456079572
Coeff51=-0.189097247921602
Coeff52=-0.325126283090535
Coeff53=-0.646216774322451
Coeff54=0.525769821459623
Coeff55=0.991174619356918
Coeff56=0.315532683860511
Coeff61=
Coeff62=
Coeff63=
Coeff64=
Coeff65=
Coeff66=
Multiplier1=-1.35762480118475
Multiplier2=0.831407892719458
Multiplier3=-0.0655184576740988
Multiplier4=-2.68408324750026
Multiplier5=-3.61515817641095
Multiplier6=
