[Settings]
Attractor Name=Strelkova Anishchenko
Palette=kuler winter.MAP
Brightness=100
Contrast=0
A=0.9
B=0.285
[Coordinates]
Xmin=-2.66666666666667
Xmax=2.66666666666667
Ymin=-1.545
Ymax=1.545
