[Settings]
Attractor Name=Strelkova Anishchenko
Palette=kuler red and black.MAP
Brightness=100
Contrast=0
A=0.8
B=0.285
[Coordinates]
Xmin=-2.20833333333333
Xmax=2.55833333333333
Ymin=-1.27891666666667
Ymax=1.48491666666667
