[Settings]
Attractor Name=Symmetric Icon
Palette=IFS15.MAP
L=-2.195
A=10
B=-12
G=1
O=0
D=3
[Coordinates]
Xmin=-0.535782341297212
Xmax=0.561401980836914
Ymin=-0.426099092546595
Ymax=0.4333487339353
