[Settings]
Attractor Name=Symmetric Icon
Palette=design-seeds feathered autumn.MAP
L=2.5
A=-2.5
B=0
G=0.9
O=0
D=3
[Coordinates]
Xmin=-1.71211383799059
Xmax=1.70325967132392
Ymin=-1.34977366507319
Ymax=1.34065387340652
