[Settings]
Attractor Name=Symmetric Icon
Palette=UNKNOWN.MAP
L=1.56
A=-1
B=0.1
G=-0.82
O=0
D=3
[Coordinates]
Xmin=-1.65555575241645
Xmax=1.64890526483456
Ymin=-1.29561857324508
Ymax=1.28272490620061
