[Settings]
Attractor Name=Symmetric Icon
Palette=design-seeds liquified brights.MAP
L=-2.05
A=3
B=-16.79
G=1
O=0
D=9
[Coordinates]
Xmin=-0.929822094419372
Xmax=0.920967927752705
Ymin=-0.728434876426462
Ymax=0.719315084759796
