[Settings]
Attractor Name=Symmetric Icon
Palette=ROYGBIV3.MAP
L=-1.806
A=1.806
B=0
G=1
O=0
D=5
[Coordinates]
Xmin=-1.06075276931127
Xmax=1.05410228172938
Ymin=-0.831516746944851
Ymax=0.818623079900388
