[Settings]
Attractor Name=Symmetric Icon
Palette=design-seeds color perched.MAP
L=-2.32
A=2.32
B=0
G=0.75
O=0
D=5
Brightness=100
Contrast=0
[Coordinates]
Xmin=-1.8978963612737
Xmax=1.88904219460703
Ymin=-1.10158865874003
Ymax=1.09246886707336
