[Settings]
Attractor Name=Symmetric Icon
Palette=multiplesinpal01.MAP
L=-1.86
A=2
B=0
G=1
O=0.1
D=4
[Coordinates]
Xmin=-1.25286458333333
Xmax=1.24401041666667
Ymin=-0.9712578125
Ymax=0.962138020833333
