[Settings]
Attractor Name=Symmetric Icon
Palette=Jason41.MAP
L=-2.08
A=1
B=-0.1
G=0.167
O=0
D=7
[Coordinates]
Xmin=-1.58489583333333
Xmax=1.58489583333333
Ymin=-1.22661197916667
Ymax=1.22661197916667
