[Settings]
Attractor Name=Symmetric Icon
Palette=design-seeds autumn brights.MAP
L=2.6
A=-2
B=0
G=-0.5
O=0
D=5
[Coordinates]
Xmin=-1.72651494344076
Xmax=1.71766077677409
Ymin=-1.34195121934679
Ymax=1.33283142768012
