[Settings]
Attractor Name=Symmetric Icon
Palette=design-seeds color vault.MAP
L=2.409
A=-2.5
B=0
G=0.9
O=0
D=23
[Coordinates]
Xmin=-1.26453943885475
Xmax=1.25568527218808
Ymin=-0.99026199706653
Ymax=0.981142205399864
