[Settings]
Xmin=-6.99225
Xmax=-5.64025
Ymin=-2.96405388888889
Ymax=-1.91070722222222
CX=-2.45882352941176
CY=2.28396984924623
Power=1
Maximum Iterations=125
Color Scale Factor=10
Color Palette=lindaa16.map
Variation=1
Symmetry=5
Smooth Shading=1
