[Settings]
Xmin=-3.13333333333333
Xmax=-0.533333333333333
Ymin=-0.9785
Ymax=1.04716666666667
CX=0.368627450980392
CY=1.38844221105528
Maximum Iterations=25
Color Scale Factor=70
Color Palette=sinpal23.MAP
Variation=2
