[Settings]
CX=0.1
CY=-0.1
Iterations=255
Palette Scaling=10
Variation=1
xmin=-3.14159265358979
xmax=-2.78816348006094
ymin=-0.257216054465816
ymax=0.109886421786326
Color Palette=C:\CODE\DELPHI2010\CHAOS\PALETTES\sgg097.map
