[Settings]
xmin=-1.46280407932775
xmax=1.44316912524281
ymin=-1.45187905102783
ymax=1.47518388254407
Color Palette=C:\CODE\DELPHI2010\CHAOS\PALETTES\Gravity 2D 01.MAP
CX=0.2
CY=-0.2
Iterations=255
Palette Scaling=3
Variation=2
