[Settings]
Xmin=-5.39141666666667
Xmax=-4.22241666666667
Ymin=-4.12755333333333
Ymax=-3.20833555555556
CX=0.00588235294117647
CY=1.7964824120603
Maximum Iterations=35
Color Scale Factor=200
Color Palette=Flame 234_Apophysis-040427-6CsmcLottoWhl.map
Variation=3
