[Settings]
xmin=1.07992247467149
xmax=2.15984494934298
ymin=-3.12828782207356
ymax=-2.03729163774221
Color Palette=C:\CODE\DELPHI2010\CHAOS\PALETTES\kuler sandstone.MAP
CX=-0.1
CY=0.5
Iterations=255
Palette Scaling=2
Variation=1
