[Settings]
Xmin=-0.165822018493408
Xmax=-0.122414203402181
Ymin=-4.5604094641044
Ymax=-4.52687692694642
CX=0.76078431372549
CY=0.952261306532663
Maximum Iterations=40
Color Scale Factor=130
Color Palette=Flame 652_Strawberries.map
Variation=1
