[Settings]
Xmin=1.19853333333333
Xmax=2.21480000000001
Ymin=-2.1931275
Ymax=-1.53890583333333
CX=-0.0235294117647059
CY=1.86683417085427
Maximum Iterations=55
Color Scale Factor=325
Color Palette=image frequency starry night.MAP
Variation=2
