[Settings]
Xmin=-0.572063492063492
Xmax=1.20136054421769
Ymin=-1.9473306122449
Ymax=-0.805688888888889
CX=-0.131372549019608
CY=0.192462311557789
Maximum Iterations=40
Color Scale Factor=400
Color Palette=JACCO241.MAP
Variation=1
