[Settings]
Xmin=-0.185877687647783
Xmax=-0.0994851131252623
Ymin=-4.62762371686695
Ymax=-4.57015529441608
CX=0.76078431372549
CY=0.952261306532663
Maximum Iterations=40
Color Scale Factor=110
Color Palette=Genetic10.MAP
Variation=1
