[Settings]
Xmin=-4.71428571428571
Xmax=5.76190476190476
Ymin=-3.38428571428571
Ymax=3.38428571428571
CX=-0.513725490196078
CY=0.952261306532663
Maximum Iterations=22
Color Scale Factor=66
Color Palette=Flame 657_Sunbathing.map
Variation=4
