[Settings]
xmin=-1.48243903341268
xmax=-0.402516558741192
ymin=0.118091067888005
ymax=1.20908725221935
Color Palette=C:\CODE\DELPHI2010\CHAOS\PALETTES\Gravity 3D 01.MAP
CX=0.1
CY=0.1
Iterations=255
Palette Scaling=10
Variation=2
