[Settings]
xmin=-0.657770961845363
xmax=0.500691329165873
ymin=0.424102192761431
ymax=1.59492736619019
Color Palette=C:\CODE\DELPHI2010\CHAOS\PALETTES\gallet12.map
CX=0.1
CY=-0.1
Iterations=255
Palette Scaling=20
Variation=3
