[Settings]
Xmin=-2.78095238095238
Xmax=0.380952380952381
Ymin=-3.15866666666667
Ymax=-1.11828571428571
CX=-0.366666666666667
CY=2.14824120603015
Maximum Iterations=27
Color Scale Factor=800
Color Palette=JACCO256.MAP
Variation=1
