[Settings]
xmin=-0.775580686354979
xmax=0.72322080879515
ymin=-3.0949764661292
ymax=-1.59160442052519
Color Palette=C:\CODE\DELPHI2010\CHAOS\PALETTES\gallet17.map
CX=0.1
CY=-0.1
Iterations=255
Palette Scaling=20
Variation=3
