[Settings]
Xmin=-1.08333333333333
Xmax=1.91666666666667
Ymin=-2.6265
Ymax=-0.291833333333333
CX=-0.0137254901960784
CY=1.45879396984925
Maximum Iterations=60
Color Scale Factor=927
Color Palette=image frequency fire.MAP
Variation=2
