[Settings]
Xmin=-0.866666666666667
Xmax=2.8
Ymin=-1.42483333333333
Ymax=1.42483333333333
CX=-1.13137254901961
CY=1.21959798994975
Maximum Iterations=35
Color Scale Factor=320
Color Palette=JACCO194.MAP
Variation=3
