[Settings]
Xmin=-6.00733333333334
Xmax=-4.35933333333334
Ymin=-4.51311666666667
Ymax=-3.45221666666667
CX=-0.101960784313725
CY=0.290954773869347
Maximum Iterations=25
Color Scale Factor=51
Color Palette=image h giger 2.MAP
Variation=4
