[Settings]
Xmin=-5.05
Xmax=2.41666666666667
Ymin=-5.90533333333333
Ymax=-0.137333333333333
CX=-0.209803921568627
CY=1.78241206030151
Maximum Iterations=35
Color Scale Factor=330
Color Palette=JACCO198.MAP
Variation=3
