[Coords]
amin=-1.59498413085938
amax=-1.44158569335938
bmin=-1.60568576388889
bmax=-1.443359375
[Settings]
absequence=BAAAAAAAAAAAABBBBBBBBBABABABBABBBBBABABBAAAAAABABABABABBABABABAAAAAAAAAAA
xstart=0.1
init=100
nlyap=200
palette=FIRE2.MAP
