{
  "camera_angle_x": 0.747905196468061,
  "camera_angle_y": 1.218680590590985,
  "fl_x": 1376.0858195217897,
  "fl_y": 1375.481619737518,
  "k1": 0.0491790778289573,
  "k2": -0.06678389540785051,
  "p1": -0.0012320260191978293,
  "p2": 0.00023919015134883596,
  "cx": 552.310024958533,
  "cy": 962.627151041073,
  "w": 1080.0,
  "h": 1920.0,
  "aabb_scale": 16,
  "frames": [
    {
      "file_path": "././images/0012.jpg",
      "sharpness": 18.79738999665605,
      "transform_matrix": [
        [
          0.8587431943873445,
          0.024543503255371413,
          0.5118180755977959,
          2.6752485124609846
        ],
        [
          0.510188715217246,
          0.05187158301031104,
          -0.8584968338560791,
          -3.8951163791170487
        ],
        [
          -0.04761933363102144,
          0.9983521198911935,
          0.03202255049941456,
          -0.3363538492066465
        ],
        [
          0.0,
          0.0,
          0.0,
          1.0
        ]
      ]
    },
    {
      "file_path": "././images/0052.jpg",
      "sharpness": 13.456406073969257,
      "transform_matrix": [
        [
          0.9381236791882158,
          -0.03607305558527295,
          0.3444164589190899,
          0.894920723698386
        ],
        [
          0.31666973691855543,
          -0.3131673956830911,
          -0.8953471170450795,
          -2.797301147848156
        ],
        [
          0.1401579117913648,
          0.9490126010292208,
          -0.28236650441797645,
          -1.5860415451652357
        ],
        [
          0.0,
          0.0,
          0.0,
          1.0
        ]
      ]
    },
    {
      "file_path": "././images/0008.jpg",
      "sharpness": 19.888845965288485,
      "transform_matrix": [
        [
          0.9540678442911514,
          0.05597095132480143,
          0.29431581857706723,
          1.5108169696015834
        ],
        [
          0.29467157974300695,
          0.0019742628489463963,
          -0.9555965479102025,
          -4.526022655484674
        ],
        [
          -0.05406670465570412,
          0.9984304456802141,
          -0.014609467946239824,
          -0.42467456836268563
        ],
        [
          0.0,
          0.0,
          0.0,
          1.0
        ]
      ]
    },
    {
      "file_path": "././images/0022.jpg",
      "sharpness": 20.68469744351142,
      "transform_matrix": [
        [
          0.42923820748665387,
          0.04652874809453901,
          0.9019920381032511,
          3.9344966232558085
        ],
        [
          0.9027939348113257,
          0.0075185723018561,
          -0.4300076538136942,
          -2.387591390065092
        ],
        [
          -0.026789410157198944,
          0.9988886557762532,
          -0.03877861307640629,
          -0.2558169643884137
        ],
        [
          0.0,
          0.0,
          0.0,
          1.0
        ]
      ]
    },
    {
      "file_path": "././images/0021.jpg",
      "sharpness": 18.27247047087116,
      "transform_matrix": [
        [
          0.5389079825547841,
          0.011338394613838149,
          0.8422883277794908,
          3.7761735659792386
        ],
        [
          0.8417233162516553,
          0.03176221251886902,
          -0.5389740445829967,
          -2.621097533126802
        ],
        [
          -0.032864041273193395,
          0.9994311395142295,
          0.007573118754690286,
          -0.30632082014535883
        ],
        [
          0.0,
          0.0,
          0.0,
          1.0
        ]
      ]
    },
    {
      "file_path": "././images/0072.jpg",
      "sharpness": 21.37331275597275,
      "transform_matrix": [
        [
          0.9905224238326468,
          -0.13275588925403844,
          0.035230692873192686,
          0.3291692654472161
        ],
        [
          0.09186762695977521,
          0.4496666983708736,
          -0.8884594529256523,
          -3.089203125926755
        ],
        [
          0.1021061553936948,
          0.8832755709393538,
          0.45760091649784473,
          2.045690840460621
        ],
        [
          0.0,
          0.0,
          0.0,
          1.0
        ]
      ]
    },
    {
      "file_path": "././images/0007.jpg",
      "sharpness": 21.502008020345116,
      "transform_matrix": [
        [
          0.9743715186705781,
          0.06633274560541012,
          0.2149421094883381,
          1.1461171501516993
        ],
        [
          0.21529575489157995,
          0.0018550182070030722,
          -0.9765471298575654,
          -4.646522265364663
        ],
        [
          -0.06517577386308779,
          0.997795833692991,
          -0.012473681631628743,
          -0.5001175479870192
        ],
        [
          0.0,
          0.0,
          0.0,
          1.0
        ]
      ]
    },
    {
      "file_path": "././images/0034.jpg",
      "sharpness": 18.662095202534157,
      "transform_matrix": [
        [
          0.09959504028703406,
          0.276265460247875,
          0.9559070160802836,
          4.030629968309902
        ],
        [
          0.9935624035796412,
          -0.0797348373681032,
          -0.08047425614978304,
          -0.48561274802366117
        ],
        [
          0.053986833052865044,
          0.9577681092786761,
          -0.2824281690498708,
          -0.67692850403667
        ],
        [
          0.0,
          0.0,
          0.0,
          1.0
        ]
      ]
    },
    {
      "file_path": "././images/0009.jpg",
      "sharpness": 24.330851175887958,
      "transform_matrix": [
        [
          0.9301763316632788,
          0.04355912258490374,
          0.364519676863043,
          1.8243433471788248
        ],
        [
          0.36495512999893087,
          -0.0022180277020612425,
          -0.9310224666679685,
          -4.390149517140338
        ],
        [
          -0.039746007013660836,
          0.9990483887980285,
          -0.01796028211704378,
          -0.3629008637582337
        ],
        [
          0.0,
          0.0,
          0.0,
          1.0
        ]
      ]
    },
    {
      "file_path": "././images/0014.jpg",
      "sharpness": 24.573150463855786,
      "transform_matrix": [
        [
          0.7815587220024025,
          0.0447191187299977,
          0.6222267789554236,
          3.1330112308580373
        ],
        [
          0.6199048609753406,
          0.05606431687609303,
          -0.7826715503404305,
          -3.565860402401757
        ],
        [
          -0.06988510129041259,
          0.9974251815352019,
          0.01609595676835801,
          -0.32063467135223733
        ],
        [
          0.0,
          0.0,
          0.0,
          1.0
        ]
      ]
    },
    {
      "file_path": "././images/0006.jpg",
      "sharpness": 27.124473160185637,
      "transform_matrix": [
        [
          0.9844141682982742,
          0.06803008959401527,
          0.16217475799490155,
          0.9319364628958351
        ],
        [
          0.16285829481948066,
          -0.004587729661834577,
          -0.9866388034863481,
          -4.768762832394877
        ],
        [
          -0.06637711225045423,
          0.9976727216946298,
          -0.015595490467130036,
          -0.49115872473572336
        ],
        [
          0.0,
          0.0,
          0.0,
          1.0
        ]
      ]
    },
    {
      "file_path": "././images/0054.jpg",
      "sharpness": 18.43705331441456,
      "transform_matrix": [
        [
          0.9854744278582012,
          0.014393819638049449,
          0.1692127949093567,
          0.27164019032260206
        ],
        [
          0.16636101224724753,
          -0.2820133078761881,
          -0.9448769802385567,
          -3.025804804503764
        ],
        [
          0.03411987119366408,
          0.9593025133432829,
          -0.2803114736327755,
          -1.3949275010455122
        ],
        [
          0.0,
          0.0,
          0.0,
          1.0
        ]
      ]
    },
    {
      "file_path": "././images/0026.jpg",
      "sharpness": 19.840499907651644,
      "transform_matrix": [
        [
          0.23184716384498694,
          0.10687459057608828,
          0.9668633380542914,
          4.195774537242675
        ],
        [
          0.9720363233339419,
          0.012672320714224257,
          -0.23448837584639626,
          -1.6128198369043005
        ],
        [
          -0.03731325147008491,
          0.9941917491832797,
          -0.10094794246447421,
          -0.34184743637450743
        ],
        [
          0.0,
          0.0,
          0.0,
          1.0
        ]
      ]
    },
    {
      "file_path": "././images/0035.jpg",
      "sharpness": 19.613383296754098,
      "transform_matrix": [
        [
          0.17924330815475253,
          0.2882699443075687,
          0.9406233442020827,
          3.84764916717399
        ],
        [
          0.9789254088036051,
          -0.14736700229002125,
          -0.1413789610751197,
          -0.5453579737000168
        ],
        [
          0.09786153728368908,
          0.9461413244398241,
          -0.30860932208039155,
          -0.9137860964858869
        ],
        [
          0.0,
          0.0,
          0.0,
          1.0
        ]
      ]
    },
    {
      "file_path": "././images/0018.jpg",
      "sharpness": 26.132315759762008,
      "transform_matrix": [
        [
          0.6509710246212974,
          0.040274326240787334,
          0.7580334449855143,
          3.52662844547056
        ],
        [
          0.7574615272704388,
          0.031163729109230286,
          -0.6521356121950963,
          -3.2741717736768146
        ],
        [
          -0.04988747133404603,
          0.9987025586234788,
          -0.010219567994878442,
          -0.27523714746370137
        ],
        [
          0.0,
          0.0,
          0.0,
          1.0
        ]
      ]
    },
    {
      "file_path": "././images/0027.jpg",
      "sharpness": 26.90392349054784,
      "transform_matrix": [
        [
          0.17920859090386443,
          0.11126362257990746,
          0.9774992006154813,
          4.177288104269498
        ],
        [
          0.9838094888135291,
          -0.022065797643276798,
          -0.1778538453190172,
          -1.5033018546024601
        ],
        [
          0.0017806364372856785,
          0.9935459258796048,
          -0.11341658815670161,
          -0.36786802171970073
        ],
        [
          0.0,
          0.0,
          0.0,
          1.0
        ]
      ]
    },
    {
      "file_path": "././images/0025.jpg",
      "sharpness": 22.886663306836194,
      "transform_matrix": [
        [
          0.2842140462050397,
          0.09943994074666819,
          0.9535900975216325,
          4.206135517114877
        ],
        [
          0.9574485025950434,
          0.02258456494313775,
          -0.2877191378841011,
          -1.784295464176422
        ],
        [
          -0.050147191509487835,
          0.9947872313102145,
          -0.08878977178176768,
          -0.2972847102792379
        ],
        [
          0.0,
          0.0,
          0.0,
          1.0
        ]
      ]
    },
    {
      "file_path": "././images/0004.jpg",
      "sharpness": 29.769472255739693,
      "transform_matrix": [
        [
          0.9889804160035981,
          0.0585222811669234,
          0.13598852648524237,
          0.7678540268544046
        ],
        [
          0.13758986975759113,
          -0.024244882086229314,
          -0.9901925133188223,
          -4.785652719936356
        ],
        [
          -0.05465129888411188,
          0.9979916473933285,
          -0.032029786615271366,
          -0.5416632041076279
        ],
        [
          0.0,
          0.0,
          0.0,
          1.0
        ]
      ]
    },
    {
      "file_path": "././images/0029.jpg",
      "sharpness": 26.585992931101654,
      "transform_matrix": [
        [
          0.13986664614193964,
          0.1330418162683195,
          0.9811917225437086,
          4.315010968867548
        ],
        [
          0.9896725036521443,
          -0.050202719787290545,
          -0.1342684715068557,
          -1.1540242449593499
        ],
        [
          0.03139517178762755,
          0.9898381494048608,
          -0.13868951344054828,
          -0.3918783067455936
        ],
        [
          0.0,
          0.0,
          0.0,
          1.0
        ]
      ]
    },
    {
      "file_path": "././images/0019.jpg",
      "sharpness": 26.730619209501448,
      "transform_matrix": [
        [
          0.6477684898332994,
          0.014547655773073959,
          0.7616983321879158,
          3.410026387825232
        ],
        [
          0.7611874449377495,
          0.028926922239225748,
          -0.6478864922490963,
          -3.322582893673449
        ],
        [
          -0.031458818094211964,
          0.9994756619590558,
          0.0076644558066884805,
          -0.2395497523948683
        ],
        [
          0.0,
          0.0,
          0.0,
          1.0
        ]
      ]
    },
    {
      "file_path": "././images/0046.jpg",
      "sharpness": 19.804643513969268,
      "transform_matrix": [
        [
          0.73851495346223,
          -0.11346575501569006,
          0.6646210844674263,
          2.00749397743706
        ],
        [
          0.5317853600497581,
          -0.5079583163994739,
          -0.6776301938648348,
          -2.1123677921071238
        ],
        [
          0.4144876286779683,
          0.8538757937868611,
          -0.3147953850121737,
          -1.8443051920421338
        ],
        [
          0.0,
          0.0,
          0.0,
          1.0
        ]
      ]
    },
    {
      "file_path": "././images/0001.jpg",
      "sharpness": 31.752987436300323,
      "transform_matrix": [
        [
          0.9888026758427754,
          0.05560281709845381,
          0.13848319372451204,
          0.9532880527303381
        ],
        [
          0.14055025424470968,
          -0.03514834932011735,
          -0.9894494527623685,
          -4.7872523196991725
        ],
        [
          -0.05014872128211653,
          0.9978341145891997,
          -0.04256977193909841,
          -0.5589472753765182
        ],
        [
          0.0,
          0.0,
          0.0,
          1.0
        ]
      ]
    },
    {
      "file_path": "././images/0031.jpg",
      "sharpness": 25.101529685578996,
      "transform_matrix": [
        [
          0.0571765782121389,
          0.1374369685558073,
          0.9888588971867519,
          4.250155748025011
        ],
        [
          0.9973596900281068,
          -0.05228104323469616,
          -0.05040179783760754,
          -0.7947772095238471
        ],
        [
          0.04477150445227112,
          0.9891298055158086,
          -0.14006334351474345,
          -0.3619849466943962
        ],
        [
          0.0,
          0.0,
          0.0,
          1.0
        ]
      ]
    },
    {
      "file_path": "././images/0003.jpg",
      "sharpness": 34.03253962361947,
      "transform_matrix": [
        [
          0.9885092946301406,
          0.05693317366617606,
          0.14002852614155542,
          0.8254173344127489
        ],
        [
          0.14182196873397615,
          -0.028765830757901192,
          -0.9894741311247904,
          -4.804790780336422
        ],
        [
          -0.05230586566124999,
          0.9979634966692507,
          -0.03650966584755337,
          -0.5718615913362077
        ],
        [
          0.0,
          0.0,
          0.0,
          1.0
        ]
      ]
    },
    {
      "file_path": "././images/0002.jpg",
      "sharpness": 34.478819913413005,
      "transform_matrix": [
        [
          0.9885164320437104,
          0.05659593270190692,
          0.14011482415658758,
          0.8934843559435476
        ],
        [
          0.14202907806460333,
          -0.0313301267844002,
          -0.9893665469075273,
          -4.807766404760337
        ],
        [
          -0.05160430730109661,
          0.9979054682305794,
          -0.039008613288250546,
          -0.5631265648824306
        ],
        [
          0.0,
          0.0,
          0.0,
          1.0
        ]
      ]
    },
    {
      "file_path": "././images/0044.jpg",
      "sharpness": 22.645864180640608,
      "transform_matrix": [
        [
          0.6119787244155874,
          0.004098283463643118,
          0.7908636070161401,
          2.431913020105676
        ],
        [
          0.6890069045877572,
          -0.493690561872904,
          -0.5306025956852696,
          -1.7725825911226576
        ],
        [
          0.3882673386689668,
          0.8696279855003702,
          -0.30495186591440243,
          -1.9271581365553951
        ],
        [
          0.0,
          0.0,
          0.0,
          1.0
        ]
      ]
    },
    {
      "file_path": "././images/0030.jpg",
      "sharpness": 28.50210444869171,
      "transform_matrix": [
        [
          0.08953110851183885,
          0.13475774766391665,
          0.9868254810352475,
          4.273457981030663
        ],
        [
          0.9951950742827878,
          -0.051533090182377436,
          -0.08325325662977884,
          -0.937486000754527
        ],
        [
          0.03963514515934237,
          0.9895376142563056,
          -0.13872406138564147,
          -0.39958274352596534
        ],
        [
          0.0,
          0.0,
          0.0,
          1.0
        ]
      ]
    },
    {
      "file_path": "././images/0033.jpg",
      "sharpness": 32.02583291089095,
      "transform_matrix": [
        [
          0.051757298043280546,
          0.17701471994146503,
          0.9828463618442922,
          4.151900834230361
        ],
        [
          0.9981051347855495,
          -0.041962489287014945,
          -0.04500321552388809,
          -0.4554533443138099
        ],
        [
          0.0332764483372463,
          0.9833132453008603,
          -0.17885116597086823,
          -0.4237149545796408
        ],
        [
          0.0,
          0.0,
          0.0,
          1.0
        ]
      ]
    },
    {
      "file_path": "././images/0045.jpg",
      "sharpness": 28.106999420846048,
      "transform_matrix": [
        [
          0.6642620523186754,
          -0.05208062308840333,
          0.745683266887063,
          2.214135416277836
        ],
        [
          0.624218038697708,
          -0.5101516645275985,
          -0.5916900534435572,
          -1.9546767490752224
        ],
        [
          0.4112271464713638,
          0.8585061955829061,
          -0.3063647272744934,
          -1.8966566038802515
        ],
        [
          0.0,
          0.0,
          0.0,
          1.0
        ]
      ]
    },
    {
      "file_path": "././images/0039.jpg",
      "sharpness": 27.656625787009336,
      "transform_matrix": [
        [
          0.4115734956031857,
          0.19370205585604128,
          0.8905541933208644,
          3.230820026420188
        ],
        [
          0.8881557765260927,
          -0.304417167764948,
          -0.3442520945371766,
          -0.8375932186055055
        ],
        [
          0.20441764682733612,
          0.9326358890248443,
          -0.29732763769216397,
          -1.716234264795519
        ],
        [
          0.0,
          0.0,
          0.0,
          1.0
        ]
      ]
    },
    {
      "file_path": "././images/0049.jpg",
      "sharpness": 30.015080859073596,
      "transform_matrix": [
        [
          0.8394559155961712,
          -0.11503905998827059,
          0.5311118341883064,
          1.4452438234133045
        ],
        [
          0.4367294860320502,
          -0.43879166216454984,
          -0.785321101999039,
          -2.513934049804019
        ],
        [
          0.323390045881672,
          0.8911946430861958,
          -0.31810530697602046,
          -1.7762907848484746
        ],
        [
          0.0,
          0.0,
          0.0,
          1.0
        ]
      ]
    },
    {
      "file_path": "././images/0042.jpg",
      "sharpness": 29.709370165166295,
      "transform_matrix": [
        [
          0.5571459189380393,
          0.1317429484979717,
          0.8198976890435817,
          2.789175663348141
        ],
        [
          0.7708842256227417,
          -0.44914546954030315,
          -0.45167007635815204,
          -1.455366649688563
        ],
        [
          0.3087489849127622,
          0.8836923348576142,
          -0.35179812619800493,
          -1.8787804927568355
        ],
        [
          0.0,
          0.0,
          0.0,
          1.0
        ]
      ]
    },
    {
      "file_path": "././images/0076.jpg",
      "sharpness": 17.170383869027763,
      "transform_matrix": [
        [
          0.9692821781330975,
          -0.1892593124854039,
          0.15707632462713092,
          0.8641725507536565
        ],
        [
          0.22512748996011211,
          0.42553073907149613,
          -0.8764936984197079,
          -3.0006257702447745
        ],
        [
          0.09904379025148577,
          0.8849319198196549,
          0.4550668356012222,
          2.082313322788881
        ],
        [
          0.0,
          0.0,
          0.0,
          1.0
        ]
      ]
    },
    {
      "file_path": "././images/0074.jpg",
      "sharpness": 19.649967577352644,
      "transform_matrix": [
        [
          0.9842666683767585,
          -0.15412950721555901,
          0.08638993283515639,
          0.533885149167301
        ],
        [
          0.14798918163563682,
          0.4520075909721655,
          -0.8796523971559936,
          -2.978967782936055
        ],
        [
          0.09653148506957246,
          0.8785973097401919,
          0.4677055052859125,
          2.0575926663026434
        ],
        [
          0.0,
          0.0,
          0.0,
          1.0
        ]
      ]
    },
    {
      "file_path": "././images/0090.jpg",
      "sharpness": 16.70842253664655,
      "transform_matrix": [
        [
          0.5355702323626529,
          -0.36107867451338427,
          0.7634046875582632,
          2.229581327874192
        ],
        [
          0.8444857282967497,
          0.2258933647865365,
          -0.48560893983580833,
          -1.7795520847169148
        ],
        [
          0.002894978761412814,
          0.9047620563030375,
          0.4259075492867671,
          2.2177179098039352
        ],
        [
          0.0,
          0.0,
          0.0,
          1.0
        ]
      ]
    },
    {
      "file_path": "././images/0073.jpg",
      "sharpness": 22.27376531814042,
      "transform_matrix": [
        [
          0.9885017281544014,
          -0.14169798340878317,
          0.05278271403503129,
          0.41565586170700564
        ],
        [
          0.11213592124005284,
          0.4527797738264087,
          -0.8845428263127133,
          -3.037648639944863
        ],
        [
          0.10143898940449164,
          0.8802909507005644,
          0.46346302280816576,
          2.064762809191732
        ],
        [
          0.0,
          0.0,
          0.0,
          1.0
        ]
      ]
    },
    {
      "file_path": "././images/0077.jpg",
      "sharpness": 17.710142740192367,
      "transform_matrix": [
        [
          0.9567453094991261,
          -0.21579589595169762,
          0.1951167445635637,
          1.014913089459729
        ],
        [
          0.27008713552545277,
          0.40956995316158146,
          -0.8713813130259378,
          -3.0086799294736344
        ],
        [
          0.10812655522806003,
          0.8863885066549806,
          0.4501378269948625,
          2.105078312597527
        ],
        [
          0.0,
          0.0,
          0.0,
          1.0
        ]
      ]
    },
    {
      "file_path": "././images/0084.jpg",
      "sharpness": 22.036419643640826,
      "transform_matrix": [
        [
          0.8170294230931913,
          -0.35571429142406297,
          0.45379539954030124,
          1.7156668536472122
        ],
        [
          0.562214393295186,
          0.31678972524771287,
          -0.7639104960328383,
          -2.723149365477624
        ],
        [
          0.12797616086867766,
          0.8792676571012404,
          0.4588142210003957,
          2.231736427824718
        ],
        [
          0.0,
          0.0,
          0.0,
          1.0
        ]
      ]
    },
    {
      "file_path": "././images/0078.jpg",
      "sharpness": 19.52352332697529,
      "transform_matrix": [
        [
          0.9383678534089218,
          -0.2504738710657278,
          0.23817768906708875,
          1.1733942214283004
        ],
        [
          0.3229843790997913,
          0.39007000725028745,
          -0.862279815547839,
          -3.041780100224597
        ],
        [
          0.12307259044085309,
          0.8860633325722236,
          0.4469283031095401,
          2.1170839017159606
        ],
        [
          0.0,
          0.0,
          0.0,
          1.0
        ]
      ]
    },
    {
      "file_path": "././images/0085.jpg",
      "sharpness": 21.745143126936977,
      "transform_matrix": [
        [
          0.7622856342462093,
          -0.40223941128987917,
          0.5070740259511259,
          1.8217625648275526
        ],
        [
          0.630197369780115,
          0.2826589497199185,
          -0.723156409959415,
          -2.5489768194203988
        ],
        [
          0.14755299700698193,
          0.8708084600633379,
          0.4689570757793994,
          2.2530636675031515
        ],
        [
          0.0,
          0.0,
          0.0,
          1.0
        ]
      ]
    },
    {
      "file_path": "././images/0097.jpg",
      "sharpness": 17.557719836028564,
      "transform_matrix": [
        [
          0.41192274457681777,
          -0.18104080745619328,
          0.8930531218819902,
          2.659840480046909
        ],
        [
          0.9106351761920378,
          0.11685909912274496,
          -0.3963426886342789,
          -1.079016837423242
        ],
        [
          -0.03260718291217586,
          0.9765081550890432,
          0.21299904843523487,
          1.3150521818336223
        ],
        [
          0.0,
          0.0,
          0.0,
          1.0
        ]
      ]
    },
    {
      "file_path": "././images/0081.jpg",
      "sharpness": 22.335544930506998,
      "transform_matrix": [
        [
          0.8808866703510778,
          -0.34897339054930465,
          0.3197753065100111,
          1.611585985045876
        ],
        [
          0.4416471897177742,
          0.36298182083189023,
          -0.8204827588437736,
          -2.8997290957229236
        ],
        [
          0.17025402722687977,
          0.8639801909796446,
          0.47386896477295887,
          2.0942896429314555
        ],
        [
          0.0,
          0.0,
          0.0,
          1.0
        ]
      ]
    },
    {
      "file_path": "././images/0089.jpg",
      "sharpness": 25.274699007258214,
      "transform_matrix": [
        [
          0.5604208238881279,
          -0.3783087185587064,
          0.7367570926582787,
          2.161133541871362
        ],
        [
          0.8278208055821796,
          0.228670628080766,
          -0.5122718591708425,
          -1.8903381245490276
        ],
        [
          0.02532220347547985,
          0.8969906673339871,
          0.44132360994406894,
          2.266263307792776
        ],
        [
          0.0,
          0.0,
          0.0,
          1.0
        ]
      ]
    },
    {
      "file_path": "././images/0094.jpg",
      "sharpness": 26.230335626371414,
      "transform_matrix": [
        [
          0.3747665941087187,
          -0.24014059735878765,
          0.8954789184607159,
          2.606493067676991
        ],
        [
          0.9195700094709943,
          0.21928826791260198,
          -0.3260424101820778,
          -1.229016842073182
        ],
        [
          -0.11807200183607743,
          0.9456453611289315,
          0.3030080086811966,
          1.8242117734504866
        ],
        [
          0.0,
          0.0,
          0.0,
          1.0
        ]
      ]
    },
    {
      "file_path": "././images/0110.jpg",
      "sharpness": 22.35281006506821,
      "transform_matrix": [
        [
          -0.09180679937439748,
          0.33872314045927354,
          0.936396361416091,
          2.825854136445197
        ],
        [
          0.9881816176841702,
          -0.08493290429341666,
          0.12760678759107635,
          0.1816092728783659
        ],
        [
          0.1227542343816253,
          0.9370448419649089,
          -0.3269225627813568,
          -0.8168878649197412
        ],
        [
          0.0,
          0.0,
          0.0,
          1.0
        ]
      ]
    },
    {
      "file_path": "././images/0105.jpg",
      "sharpness": 23.788726792775847,
      "transform_matrix": [
        [
          0.006954253692050973,
          0.1557837439178674,
          0.987766704973283,
          2.921117292158267
        ],
        [
          0.9870375602903175,
          -0.15945423971977774,
          0.018198901380520924,
          -0.14127950624832114
        ],
        [
          0.16033868195427448,
          0.9748362788357183,
          -0.15487329176486783,
          -0.11059908427397142
        ],
        [
          0.0,
          0.0,
          0.0,
          1.0
        ]
      ]
    },
    {
      "file_path": "././images/0107.jpg",
      "sharpness": 26.744635648823298,
      "transform_matrix": [
        [
          -0.06524138156117787,
          0.1574000052484488,
          0.9853774913438174,
          2.898900211513625
        ],
        [
          0.986913613518153,
          -0.13574906743613388,
          0.08702706557556772,
          0.2116979655089075
        ],
        [
          0.14746213610083175,
          0.9781602266529444,
          -0.14648375124234794,
          -0.22406706279614635
        ],
        [
          0.0,
          0.0,
          0.0,
          1.0
        ]
      ]
    },
    {
      "file_path": "././images/0108.jpg",
      "sharpness": 27.500816137743453,
      "transform_matrix": [
        [
          -0.08541937614161618,
          0.16871173193540667,
          0.9819571689509633,
          2.898915841575943
        ],
        [
          0.9842321529721881,
          -0.13892399238804173,
          0.10948604200824302,
          0.2685544722568646
        ],
        [
          0.15488899003469,
          0.9758260479276402,
          -0.15418471039356282,
          -0.27384361541163393
        ],
        [
          0.0,
          0.0,
          0.0,
          1.0
        ]
      ]
    },
    {
      "file_path": "././images/0103.jpg",
      "sharpness": 30.851219562897608,
      "transform_matrix": [
        [
          0.1665239171590821,
          0.1031836334047849,
          0.980623741696396,
          2.94618020057605
        ],
        [
          0.9711820009889769,
          -0.18914324612549965,
          -0.14501845882537778,
          -0.5478187839370069
        ],
        [
          0.1705148262398252,
          0.9765131695019784,
          -0.13170696180837457,
          0.027662559985471524
        ],
        [
          0.0,
          0.0,
          0.0,
          1.0
        ]
      ]
    },
    {
      "file_path": "././images/0115.jpg",
      "sharpness": 47.445226579087695,
      "transform_matrix": [
        [
          0.13809340554245458,
          0.29266380498731737,
          0.9461913699475865,
          2.609921632006598
        ],
        [
          0.9895248749972252,
          -0.00017919897825957598,
          -0.14436235537488468,
          -0.2626378523833032
        ],
        [
          -0.042080079694212416,
          0.9562153863566866,
          -0.28962286124346515,
          -1.367370358619877
        ],
        [
          0.0,
          0.0,
          0.0,
          1.0
        ]
      ]
    }
  ]
}